00:00:04.8954123
1 0 0 0 0 0 99 0 0 
00:00:04.9771952
1 0 0 0 0 0 99 0 0 
00:00:05.0177374
1 0 0 0 0 0 99 0 0 
00:00:05.1327087
1 0 0 0 0 0 99 0 0 
00:00:05.2292571
1 0 0 0 0 0 99 0 0 
00:00:05.2740944
1 0 0 0 0 0 99 0 0 
00:00:05.3470510
3 0 0 0 0 0 0 0 0 
00:00:05.4258134
3 0 0 0 0 0 0 0 0 
00:00:05.5051330
67 0 0 0 0 0 0 0 0 
00:00:05.5466950
67 0 0 0 0 0 0 0 0 
00:00:05.5896587
67 0 0 0 0 0 0 0 0 
00:00:05.6727560
67 0 0 0 0 0 0 0 0 
00:00:05.7155881
67 0 0 0 0 0 0 0 0 
00:00:05.7567411
67 0 0 0 0 0 0 0 0 
00:00:05.8299121
67 0 0 0 0 0 0 0 0 
00:00:05.8694789
67 0 0 0 0 0 0 0 0 
00:00:05.9137497
67 0 0 0 0 0 0 0 0 
00:00:05.9547789
67 0 0 0 0 0 0 0 0 
00:00:06.0377629
67 0 0 0 0 0 0 0 0 
00:00:06.1159799
67 0 0 0 0 0 0 0 0 
00:00:06.1554560
67 0 0 0 0 0 0 0 0 
00:00:06.1974505
67 0 0 0 0 0 0 0 0 
00:00:06.2402226
67 0 0 0 0 0 0 0 0 
00:00:06.2808796
67 0 0 0 0 0 0 0 0 
00:00:06.3228181
67 0 0 0 0 0 0 0 0 
00:00:06.4081226
67 0 0 0 0 0 0 0 0 
00:00:06.4621976
67 0 0 0 0 0 0 0 0 
00:00:06.4982517
67 0 0 0 0 0 0 0 0 
00:00:06.5747318
67 0 0 0 0 0 0 0 0 
00:00:06.6182864
67 0 0 0 0 0 0 0 0 
00:00:06.7459629
67 0 0 0 0 0 0 0 0 
00:00:06.7899834
67 0 0 0 0 0 0 0 0 
00:00:06.8752777
67 0 0 0 0 0 0 0 0 
00:00:06.9073141
67 0 0 0 0 0 0 0 0 
00:00:06.9452262
67 0 0 0 0 0 0 0 0 
00:00:06.9822727
67 0 0 0 0 0 0 0 0 
00:00:07.0195258
67 0 0 0 0 0 0 0 0 
00:00:07.1749659
67 0 0 0 0 0 0 0 0 
00:00:07.2172161
67 0 0 0 0 0 0 0 0 
00:00:07.2577767
67 0 0 0 0 0 0 0 0 
00:00:07.2878115
67 0 0 0 0 0 0 0 0 
00:00:07.3181971
67 0 0 0 0 0 0 0 0 
00:00:07.3461692
67 0 0 0 0 0 0 0 0 
00:00:07.3766202
67 0 0 0 0 0 0 0 0 
00:00:07.4081787
67 0 0 0 0 0 0 0 0 
00:00:07.4910813
67 0 0 0 0 0 0 0 0 
00:00:07.5417949
67 0 0 0 0 0 0 0 0 
00:00:07.5719559
67 0 0 0 0 0 0 0 0 
00:00:07.6009872
67 0 0 0 0 0 0 0 0 
00:00:07.6355920
67 0 0 0 0 0 0 0 0 
00:00:07.6620979
67 0 0 0 0 0 0 0 0 
00:00:07.6915400
67 0 0 0 0 0 0 0 0 
00:00:07.7150776
67 0 0 0 0 0 0 0 0 
00:00:07.7400631
67 0 0 0 0 0 0 0 0 
00:00:07.7604519
67 0 0 0 0 0 0 0 0 
00:00:07.7931111
67 0 0 0 0 0 0 0 0 
00:00:07.8335516
67 0 0 0 0 0 0 0 0 
00:00:07.8731297
67 0 0 0 0 0 0 0 0 
00:00:07.8956562
67 0 0 0 0 0 0 0 0 
00:00:07.9247218
63 0 0 0 0 0 0 0 0 
00:00:07.9485967
63 0 0 0 0 0 0 0 0 
00:00:07.9750231
63 0 0 0 0 0 0 0 0 
00:00:07.9995608
67 0 0 0 0 0 0 0 0 
00:00:08.0631605
67 0 0 0 0 0 0 0 0 
00:00:08.0931977
67 0 0 0 0 0 0 0 0 
00:00:08.1252435
67 0 0 0 0 0 0 0 0 
00:00:08.1578858
67 0 0 0 0 0 0 0 0 
00:00:08.1974152
67 0 0 0 0 0 0 0 0 
00:00:08.2318830
67 0 0 0 0 0 0 0 0 
00:00:08.2612540
24 0 0 0 0 0 0 0 0 
00:00:08.2927724
10 0 0 0 0 0 0 0 0 
00:00:08.3202286
10 0 0 0 0 0 0 0 0 
00:00:08.3556996
10 0 0 0 0 0 0 0 0 
00:00:08.3938767
3 0 0 0 0 0 0 0 0 
00:00:08.4273000
3 0 0 0 0 0 0 0 0 
00:00:08.4748588
3 0 0 0 0 0 0 0 0 
00:00:08.5104141
3 0 0 0 0 0 0 0 0 
00:00:08.5418338
3 0 0 0 0 0 0 0 0 
00:00:08.5732055
3 0 0 0 0 0 0 0 0 
00:00:08.6075519
3 0 0 0 0 0 0 0 0 
00:00:08.6411358
3 0 0 0 0 0 0 0 0 
00:00:08.6766824
3 0 0 0 0 0 0 0 0 
00:00:08.7131916
3 0 0 0 0 0 0 0 0 
00:00:08.7459210
3 0 0 0 0 0 0 0 0 
00:00:08.7799690
3 0 0 0 0 0 0 0 0 
00:00:08.8064945
0 0 0 0 0 0 0 0 0 
00:00:08.8404744
0 0 0 0 0 0 0 0 0 
00:00:08.8721036
0 0 0 0 0 0 0 0 0 
00:00:08.9046475
0 0 0 0 0 0 0 0 0 
00:00:08.9388530
0 0 0 0 0 0 0 0 0 
00:00:08.9759820
0 0 0 0 0 0 0 0 0 
00:00:09.0046383
0 0 0 0 0 0 0 0 0 
00:00:09.0398976
0 0 0 0 0 0 0 0 0 
00:00:09.0857171
0 0 0 0 0 0 0 0 0 
00:00:09.1192031
0 0 0 0 0 0 0 0 0 
00:00:09.1586373
0 0 0 0 0 0 0 0 0 
00:00:09.1941839
0 0 0 0 0 0 0 0 0 
00:00:09.2312388
0 0 0 0 0 0 0 0 0 
00:00:09.2744158
0 0 0 0 0 0 0 0 0 
00:00:09.3189600
0 99 0 0 0 0 0 0 0 
00:00:09.3524032
0 99 0 0 0 0 0 0 0 
00:00:09.3959593
0 99 0 0 0 0 0 0 0 
00:00:09.4264787
0 99 0 0 0 0 0 0 0 
00:00:09.4737709
0 99 0 0 0 0 0 0 0 
00:00:09.5037338
0 99 0 0 0 0 0 0 0 
00:00:09.5384862
0 99 0 0 0 0 0 0 0 
00:00:09.5717448
0 99 0 0 0 0 0 0 0 
00:00:09.6097454
0 99 0 0 0 0 0 0 0 
00:00:09.6372883
0 99 0 0 0 0 0 0 0 
00:00:09.6767005
0 99 0 0 0 0 0 0 0 
00:00:09.7122405
0 99 0 0 0 0 0 0 0 
00:00:09.7408468
0 99 0 0 0 0 0 0 0 
00:00:09.7687017
0 99 0 0 0 0 0 0 0 
00:00:09.8191047
0 99 0 0 0 0 0 0 0 
00:00:09.8610776
0 99 0 0 0 0 0 0 0 
00:00:09.8935880
0 99 0 0 0 0 0 0 0 
00:00:09.9296370
0 99 0 0 0 0 0 0 0 
00:00:09.9651984
0 99 0 0 0 0 0 0 0 
00:00:09.9957274
0 99 0 0 0 0 0 0 0 
00:00:10.0358294
0 99 0 0 0 0 0 0 0 
00:00:10.0702658
0 99 0 0 0 0 0 0 0 
00:00:10.1175038
0 99 0 0 0 0 0 0 0 
00:00:10.1576091
0 99 0 0 0 0 0 0 0 
00:00:10.1951492
0 99 0 0 0 0 0 0 0 
00:00:10.2293764
0 99 0 0 0 0 0 0 0 
00:00:10.2679543
0 99 0 0 0 0 0 0 0 
00:00:10.3039928
0 99 0 0 0 0 0 0 0 
00:00:10.3405480
0 99 0 0 0 0 0 0 0 
00:00:10.3761142
0 99 0 0 0 0 0 0 0 
00:00:10.4156713
0 99 0 0 0 0 0 0 0 
00:00:10.4488498
0 99 0 0 0 0 0 0 0 
00:00:10.4893981
0 99 0 0 0 0 0 0 0 
00:00:10.5210990
0 99 0 0 0 0 0 0 0 
00:00:10.5578756
0 99 0 0 0 0 0 0 0 
00:00:10.5870620
0 99 0 0 0 0 0 0 0 
00:00:10.6260845
0 99 0 0 0 0 0 0 0 
00:00:10.6630768
0 99 0 0 0 0 0 0 0 
00:00:10.6980753
0 99 0 0 0 0 0 0 0 
00:00:10.7351187
0 99 0 0 0 0 0 0 0 
00:00:10.7750776
0 99 0 0 0 0 0 0 0 
00:00:10.8250753
0 99 0 0 0 0 0 0 0 
00:00:10.9150083
0 99 0 0 0 0 0 0 0 
00:00:11.0451032
0 99 0 0 0 0 0 0 0 
00:00:11.0980156
0 99 0 0 0 0 0 0 0 
00:00:11.1325651
0 99 0 0 0 0 0 0 0 
00:00:11.1739762
0 99 0 0 0 0 0 0 0 
00:00:11.2135254
0 99 0 0 0 0 0 0 0 
00:00:11.2532057
0 99 0 0 0 0 0 0 0 
00:00:11.2829005
0 99 0 0 0 0 0 0 0 
00:00:11.3218438
0 99 0 0 0 0 0 0 0 
00:00:11.3565808
0 99 0 0 0 0 0 0 0 
00:00:11.3831994
0 99 0 0 0 0 0 0 0 
00:00:11.4128376
0 99 0 0 0 0 0 0 0 
00:00:11.4417080
0 99 0 0 0 0 0 0 0 
00:00:11.4730535
0 99 0 0 0 0 0 0 0 
00:00:11.5040882
0 99 0 0 0 0 0 0 0 
00:00:11.5407128
0 99 0 0 0 0 0 0 0 
00:00:11.5667281
0 99 0 0 0 0 0 0 0 
00:00:11.6131517
0 99 0 0 0 0 0 0 0 
00:00:11.6452649
0 99 0 0 0 0 0 0 0 
00:00:11.6663388
0 99 0 0 0 0 0 0 0 
00:00:11.7000636
0 99 0 0 0 0 0 0 0 
00:00:11.7277520
0 99 0 0 0 0 0 0 0 
00:00:11.7678232
0 99 0 0 0 0 0 0 0 
00:00:11.7998819
0 99 0 0 0 0 0 0 0 
00:00:11.8297754
0 99 0 0 0 0 0 0 0 
00:00:11.8678167
0 99 0 0 0 0 0 0 0 
00:00:11.9079584
0 99 0 0 0 0 0 0 0 
00:00:11.9593417
0 99 0 0 0 0 0 0 0 
00:00:11.9894575
0 99 0 0 0 0 0 0 0 
00:00:12.0230926
0 99 0 0 0 0 0 0 0 
00:00:12.0501412
0 99 0 0 0 0 0 0 0 
00:00:12.0785437
0 99 0 0 0 0 0 0 0 
00:00:12.1070849
0 99 0 0 0 0 0 0 0 
00:00:12.1370978
0 99 0 0 0 0 0 0 0 
00:00:12.1733865
0 99 0 0 0 0 0 0 0 
00:00:12.2019151
0 99 0 0 0 0 0 0 0 
00:00:12.2393335
0 99 0 0 0 0 0 0 0 
00:00:12.2693783
0 99 0 0 0 0 0 0 0 
00:00:12.2972717
0 99 0 0 0 0 0 0 0 
00:00:12.3373245
0 99 0 0 0 0 0 0 0 
00:00:12.3648078
0 99 0 0 0 0 0 0 0 
00:00:12.4023021
0 99 0 0 0 0 0 0 0 
00:00:12.4299471
0 99 0 0 0 0 0 0 0 
00:00:12.4613721
0 99 0 0 0 0 0 0 0 
00:00:12.4891041
0 99 0 0 0 0 0 0 0 
00:00:12.5249522
0 99 0 0 0 0 0 0 0 
00:00:12.5494842
0 99 0 0 0 0 0 0 0 
00:00:12.5794720
0 99 0 0 0 0 0 0 0 
00:00:12.6080236
0 99 0 0 0 0 0 0 0 
00:00:12.6314822
0 99 0 0 0 0 0 0 0 
00:00:12.6680332
0 99 0 0 0 0 0 0 0 
00:00:12.7073289
0 99 0 0 0 0 0 0 0 
00:00:12.7380269
0 99 0 0 0 0 0 0 0 
00:00:12.7650677
0 99 0 0 0 0 0 0 0 
00:00:12.8039682
0 99 0 0 0 0 0 0 0 
00:00:12.8449601
0 99 0 0 0 0 0 0 0 
00:00:12.8841955
0 99 0 0 0 0 0 0 0 
00:00:12.9122326
0 99 0 0 0 0 0 0 0 
00:00:12.9397078
0 99 0 0 0 0 0 0 0 
00:00:12.9688255
0 99 0 0 0 0 0 0 0 
00:00:12.9963479
0 99 0 0 0 0 0 0 0 
00:00:13.0322035
0 99 0 0 0 0 0 0 0 
00:00:13.0620663
0 99 0 0 0 0 0 0 0 
00:00:13.0946202
0 99 0 0 0 0 0 0 0 
00:00:13.1304234
0 99 0 0 0 0 0 0 0 
00:00:13.1693811
0 99 0 0 0 0 0 0 0 
00:00:13.2074694
0 99 0 0 0 0 0 0 0 
00:00:13.2413108
0 99 0 0 0 0 0 0 0 
00:00:13.2744576
0 99 0 0 0 0 0 0 0 
00:00:13.3039973
0 99 0 0 0 0 0 0 0 
00:00:13.3320338
0 99 0 0 0 0 0 0 0 
00:00:13.3671597
0 99 0 0 0 0 0 0 0 
00:00:13.4068878
0 99 0 0 0 0 0 0 0 
00:00:13.4441783
0 99 0 0 0 0 0 0 0 
00:00:13.4832164
0 99 0 0 0 0 0 0 0 
00:00:13.5142038
0 99 0 0 0 0 0 0 0 
00:00:13.5417536
0 99 0 0 0 0 0 0 0 
00:00:13.5707807
0 99 0 0 0 0 0 0 0 
00:00:13.6065990
0 99 0 0 0 0 0 0 0 
00:00:13.6352532
0 99 0 0 0 0 0 0 0 
00:00:13.6746847
0 99 0 0 0 0 0 0 0 
00:00:13.7237057
0 99 0 0 0 0 0 0 0 
00:00:13.8346792
0 99 0 0 0 0 0 0 0 
00:00:13.9559758
0 99 0 0 0 0 0 0 0 
00:00:13.9948299
0 99 0 0 0 0 0 0 0 
00:00:14.0278870
0 99 0 0 0 0 0 0 0 
00:00:14.0623326
0 99 0 0 0 0 0 0 0 
00:00:14.0977358
0 99 0 0 0 0 0 0 0 
00:00:14.1733070
0 99 0 0 0 0 0 0 0 
00:00:14.2035192
0 99 0 0 0 0 0 0 0 
00:00:14.2310675
0 99 0 0 0 0 0 0 0 
00:00:14.2626003
0 99 0 0 0 0 0 0 0 
00:00:14.3073732
0 99 0 0 0 0 0 0 0 
00:00:14.3399165
0 99 0 0 0 0 0 0 0 
00:00:14.3681391
0 99 0 0 0 0 0 0 0 
00:00:14.4060894
0 99 0 0 0 0 0 0 0 
00:00:14.4306283
0 99 0 0 0 0 0 0 0 
00:00:14.4636644
0 99 0 0 0 0 0 0 0 
00:00:14.5017141
0 99 0 0 0 0 0 0 0 
00:00:14.5414001
0 99 0 0 0 0 0 0 0 
00:00:14.5723348
0 99 0 0 0 0 0 0 0 
00:00:14.6112461
0 99 0 0 0 0 0 0 0 
00:00:14.6412764
0 99 0 0 0 0 0 0 0 
00:00:14.6762460
0 99 0 0 0 0 0 0 0 
00:00:14.7065374
0 99 0 0 0 0 0 0 0 
00:00:14.7363204
0 99 0 0 0 0 0 0 0 
00:00:14.7649285
0 99 0 0 0 0 0 0 0 
00:00:14.8104263
0 99 0 0 0 0 0 0 0 
00:00:14.8500837
0 99 0 0 0 0 0 0 0 
00:00:14.8769721
0 99 0 0 0 0 0 0 0 
00:00:14.9191097
0 99 0 0 0 0 0 0 0 
00:00:14.9599841
0 99 0 0 0 0 0 0 0 
00:00:14.9920248
0 99 0 0 0 0 0 0 0 
00:00:15.0221409
0 99 0 0 0 0 0 0 0 
00:00:15.0551685
0 99 0 0 0 0 0 0 0 
00:00:15.0787684
0 99 0 0 0 0 0 0 0 
00:00:15.1072144
0 99 0 0 0 0 0 0 0 
00:00:15.1290937
0 99 0 0 0 0 0 0 0 
00:00:15.1602260
0 99 0 0 0 0 0 0 0 
00:00:15.1902638
0 99 0 0 0 0 0 0 0 
00:00:15.2319601
0 99 0 0 0 0 0 0 0 
00:00:15.2621076
0 99 0 0 0 0 0 0 0 
00:00:15.2935486
0 99 0 0 0 0 0 0 0 
00:00:15.3230931
0 99 0 0 0 0 0 0 0 
00:00:15.3464821
0 99 0 0 0 0 0 0 0 
00:00:15.3705343
0 99 0 0 0 0 0 0 0 
00:00:15.4042182
0 99 0 0 0 0 0 0 0 
00:00:15.4347551
0 0 0 0 0 0 0 0 0 
00:00:15.4617510
0 0 0 0 0 0 0 0 0 
00:00:15.4960372
1 0 0 0 0 0 0 0 0 
00:00:15.5315808
4 0 0 0 0 0 0 0 0 
00:00:15.5729691
4 0 0 0 0 0 0 0 0 
00:00:15.5982956
50 0 0 0 0 0 0 0 0 
00:00:15.6270004
99 0 0 0 0 0 0 0 0 
00:00:15.6560329
103 0 0 0 0 0 0 0 0 
00:00:15.6795632
103 0 0 0 0 0 0 0 0 
00:00:15.7024586
67 0 0 0 0 0 0 0 0 
00:00:15.7442555
67 0 0 0 0 0 0 0 0 
00:00:15.7924952
67 0 0 0 0 0 0 0 0 
00:00:15.8245352
67 0 0 0 0 0 0 0 0 
00:00:15.8581995
67 0 0 0 0 0 0 0 0 
00:00:15.8890800
67 0 0 0 0 0 0 0 0 
00:00:15.9243788
67 0 0 0 0 0 0 0 0 
00:00:15.9551602
67 0 0 0 0 0 0 0 0 
00:00:15.9818610
67 0 0 0 0 0 0 0 0 
00:00:16.0164137
67 0 0 0 0 0 0 0 0 
00:00:16.0599741
67 0 0 0 0 0 0 0 0 
00:00:16.0945084
67 0 0 0 0 0 0 0 0 
00:00:16.1312031
67 0 0 0 0 0 0 0 0 
00:00:16.1687315
67 0 0 0 0 0 0 0 0 
00:00:16.2070908
67 0 0 0 0 0 0 0 0 
00:00:16.2337037
67 0 0 0 0 0 0 0 0 
00:00:16.2726671
67 0 0 0 0 0 0 0 0 
00:00:16.3001781
67 0 0 0 0 0 0 0 0 
00:00:16.3277095
67 0 0 0 0 0 0 0 0 
00:00:16.3627769
67 0 0 0 0 0 0 0 0 
00:00:16.3966752
67 0 0 0 0 0 0 0 0 
00:00:16.4347283
67 0 0 0 0 0 0 0 0 
00:00:16.4730632
67 0 0 0 0 0 0 0 0 
00:00:16.5015120
67 0 0 0 0 0 0 0 0 
00:00:16.5334824
67 0 0 0 0 0 0 0 0 
00:00:16.5810430
67 0 0 0 0 0 0 0 0 
00:00:16.6088470
67 0 0 0 0 0 0 0 0 
00:00:16.6398877
67 0 0 0 0 0 0 0 0 
00:00:16.6689404
67 0 0 0 0 0 0 0 0 
00:00:16.7061582
67 0 0 0 0 0 0 0 0 
00:00:16.7431252
67 0 0 0 0 0 0 0 0 
00:00:16.7762736
67 0 0 0 0 0 0 0 0 
00:00:16.8209034
67 0 0 0 0 0 0 0 0 
00:00:16.8585694
67 0 0 0 0 0 0 0 0 
00:00:16.8931998
67 0 0 0 0 0 0 0 0 
00:00:16.9306652
67 0 0 0 0 0 0 0 0 
00:00:16.9620192
67 0 0 0 0 0 0 0 0 
00:00:16.9945589
67 0 0 0 0 0 0 0 0 
00:00:17.0281048
67 0 0 0 0 0 0 0 0 
00:00:17.0657777
67 0 0 0 0 0 0 0 0 
00:00:17.1088303
67 0 0 0 0 0 0 0 0 
00:00:17.1328289
67 0 0 0 0 0 0 0 0 
00:00:17.1677777
67 0 0 0 0 0 0 0 0 
00:00:17.1944462
67 0 0 0 0 0 0 0 0 
00:00:17.2277030
67 0 0 0 0 0 0 0 0 
00:00:17.2667123
67 0 0 0 0 0 0 0 0 
00:00:17.3007124
67 0 0 0 0 0 0 0 0 
00:00:17.3337436
67 0 0 0 0 0 0 0 0 
00:00:17.3593213
67 0 0 0 0 0 0 0 0 
00:00:17.3893133
67 0 0 0 0 0 0 0 0 
00:00:17.4228462
67 0 0 0 0 0 0 0 0 
00:00:17.4563331
67 0 0 0 0 0 0 0 0 
00:00:17.4957098
67 0 0 0 0 0 0 0 0 
00:00:17.5265289
67 0 0 0 0 0 0 0 0 
00:00:17.5524361
67 0 0 0 0 0 0 0 0 
00:00:17.5984955
67 0 0 0 0 0 0 0 0 
00:00:17.6318186
67 0 0 0 0 0 0 0 0 
00:00:17.6597599
67 0 0 0 0 0 0 0 0 
00:00:17.6868278
67 0 0 0 0 0 0 0 0 
00:00:17.7310203
67 0 0 0 0 0 0 0 0 
00:00:17.7603196
2 0 0 0 0 0 0 0 0 
00:00:17.7929647
1 0 0 0 0 0 0 0 0 
00:00:17.8241910
1 0 0 0 0 0 0 0 0 
00:00:17.8622419
0 0 0 0 0 0 0 0 0 
00:00:17.8963607
0 0 0 0 0 0 0 0 0 
00:00:17.9329485
0 0 0 0 0 0 0 0 0 
00:00:17.9698519
0 0 99 0 0 0 0 0 0 
00:00:18.0070092
0 0 99 0 0 0 0 0 0 
00:00:18.0393302
0 0 99 0 0 0 0 0 0 
00:00:18.0642718
0 0 99 0 0 0 0 0 0 
00:00:18.1024550
0 0 99 0 0 0 0 0 0 
00:00:18.1309851
0 0 99 0 0 0 0 0 0 
00:00:18.1668251
0 0 99 0 0 0 0 0 0 
00:00:18.1996000
0 0 99 0 0 0 0 0 0 
00:00:18.2360064
0 0 99 0 0 0 0 0 0 
00:00:18.2637116
0 0 99 0 0 0 0 0 0 
00:00:18.3064952
0 0 99 0 0 0 0 0 0 
00:00:18.3305472
0 0 99 0 0 0 0 0 0 
00:00:18.3609078
0 0 99 0 0 0 0 0 0 
00:00:18.3916058
0 0 99 0 0 0 0 0 0 
00:00:18.4158430
0 0 99 0 0 0 0 0 0 
00:00:18.4395414
0 0 99 0 0 0 0 0 0 
00:00:18.4639436
0 0 99 0 0 0 0 0 0 
00:00:18.4887334
0 0 99 0 0 0 0 0 0 
00:00:18.5151017
0 0 99 0 0 0 0 0 0 
00:00:18.5432457
0 0 99 0 0 0 0 0 0 
00:00:18.5757941
0 0 99 0 0 0 0 0 0 
00:00:18.6083070
0 0 0 0 0 0 0 0 0 
00:00:18.6389504
0 0 0 0 0 0 0 0 0 
00:00:18.6659885
0 0 0 0 0 0 0 0 0 
00:00:18.6989050
0 0 0 0 0 0 0 0 0 
00:00:18.7319443
1 0 0 0 0 0 0 0 0 
00:00:18.7676602
1 0 0 0 0 0 0 0 0 
00:00:18.8079184
1 0 0 0 0 0 0 0 0 
00:00:18.8399636
2 0 0 0 0 0 0 0 0 
00:00:18.8689994
2 0 0 0 0 0 0 0 0 
00:00:18.8963914
2 0 0 0 0 0 0 0 0 
00:00:18.9296885
2 0 0 0 0 0 0 0 0 
00:00:18.9626950
2 0 0 0 0 0 0 0 0 
00:00:18.9952453
2 0 0 0 0 0 0 0 0 
00:00:19.0250870
2 0 0 0 0 0 0 0 0 
00:00:19.0622615
2 0 0 0 0 0 0 0 0 
00:00:19.1018107
2 0 0 0 0 0 0 0 0 
00:00:19.1285983
2 0 0 0 0 0 0 0 0 
00:00:19.1685887
2 0 0 0 0 0 0 0 0 
00:00:19.2032162
2 0 0 0 0 0 0 0 0 
00:00:19.2288204
2 0 0 0 0 0 0 0 0 
00:00:19.2580667
2 0 0 0 0 0 0 0 0 
00:00:19.2841034
2 0 0 0 0 0 0 0 0 
00:00:19.3154679
67 0 0 0 0 0 0 0 0 
00:00:19.3398141
67 0 0 0 0 0 0 0 0 
00:00:19.3616999
67 0 0 0 0 0 0 0 0 
00:00:19.3927190
67 0 0 0 0 0 0 0 0 
00:00:19.4186099
67 0 0 0 0 0 0 0 0 
00:00:19.4520896
67 0 0 0 0 0 0 0 0 
00:00:19.4821325
67 0 0 0 0 0 0 0 0 
00:00:19.5142400
67 0 0 0 0 0 0 0 0 
00:00:19.5397692
67 0 0 0 0 0 0 0 0 
00:00:19.5716704
67 0 0 0 0 0 0 0 0 
00:00:19.6062707
67 0 0 0 0 0 0 0 0 
00:00:19.6427567
67 0 0 0 0 0 0 0 0 
00:00:19.6735246
67 0 0 0 0 0 0 0 0 
00:00:19.7090610
67 0 0 0 0 0 0 0 0 
00:00:19.7450928
66 0 0 0 0 0 0 0 0 
00:00:19.7820028
66 0 0 0 0 0 0 0 0 
00:00:19.8144672
66 0 0 0 0 0 0 0 0 
00:00:19.8490031
66 0 0 0 0 0 0 0 0 
00:00:19.8793707
66 0 99 0 0 0 0 0 0 
00:00:19.9104422
66 0 99 0 0 0 0 0 0 
00:00:19.9384690
66 0 99 0 0 0 0 0 0 
00:00:19.9735624
66 0 99 0 0 0 0 0 0 
00:00:20.0037481
66 0 99 0 0 0 0 0 0 
00:00:20.0461254
66 0 99 0 0 0 0 0 0 
00:00:20.0761093
66 0 99 0 0 0 0 0 0 
00:00:20.1122507
66 0 99 0 0 0 0 0 0 
00:00:20.1401960
66 0 99 0 0 0 0 0 0 
00:00:20.1729606
66 0 0 0 0 0 0 0 0 
00:00:20.1993108
66 0 0 0 0 0 0 0 0 
00:00:20.2299474
66 0 0 0 0 0 0 0 0 
00:00:20.2669631
66 0 0 0 0 0 0 0 0 
00:00:20.3097112
66 0 0 0 0 0 0 0 0 
00:00:20.3508886
66 0 0 0 0 0 0 0 0 
00:00:20.3778204
66 0 0 0 0 0 0 0 0 
00:00:20.4073884
66 0 0 0 0 0 0 0 0 
00:00:20.4404208
66 0 0 0 0 0 0 0 0 
00:00:20.4744793
66 0 0 0 0 0 0 0 0 
00:00:20.5100235
66 0 0 0 0 0 0 0 0 
00:00:20.5405565
67 0 0 0 0 0 0 0 0 
00:00:20.5710933
67 0 0 0 0 0 0 0 0 
00:00:20.6070658
67 0 0 0 0 0 0 0 0 
00:00:20.6398606
60 0 0 0 0 0 0 0 0 
00:00:20.6759189
0 0 0 0 0 0 0 0 0 
00:00:20.7135759
0 0 0 0 0 0 0 0 0 
00:00:20.7505730
0 0 0 0 0 0 0 0 0 
00:00:20.7863292
0 0 0 0 0 0 0 0 0 
00:00:20.8244705
0 0 0 0 0 0 0 0 0 
00:00:20.8585052
0 0 0 0 0 0 0 0 0 
00:00:20.8975617
0 0 0 0 0 0 0 0 0 
00:00:20.9307297
0 0 0 0 0 0 0 0 0 
00:00:20.9644882
0 0 0 0 0 0 0 0 0 
00:00:21.0018829
0 0 0 0 0 0 0 0 0 
00:00:21.0396983
0 0 0 0 0 0 0 0 0 
00:00:21.0693804
0 0 0 0 0 0 0 0 0 
00:00:21.0978180
0 0 0 0 0 0 0 0 0 
00:00:21.1381808
0 0 0 0 0 0 0 0 0 
00:00:21.1731678
0 0 0 0 0 0 0 0 0 
00:00:21.2017269
0 0 0 0 0 0 0 0 0 
00:00:21.2308235
0 0 0 0 0 0 0 0 0 
00:00:21.2617332
0 0 0 0 0 0 0 0 0 
00:00:21.2907464
0 0 0 0 0 0 0 0 0 
00:00:21.3222699
0 0 0 0 0 0 0 0 0 
00:00:21.3502492
0 0 0 0 0 0 0 0 0 
00:00:21.3879562
0 0 0 0 0 0 0 0 0 
00:00:21.4247126
0 0 0 0 0 0 0 0 0 
00:00:21.4687850
0 0 0 0 0 0 0 0 0 
00:00:21.5042807
0 0 0 0 0 0 0 0 0 
00:00:21.5353142
0 0 0 0 0 0 0 0 0 
00:00:21.5735747
0 0 0 0 0 0 0 0 0 
00:00:21.6016215
0 0 0 0 0 0 0 0 0 
00:00:21.6543180
0 0 0 0 0 0 0 0 0 
00:00:21.7508221
0 0 0 0 0 0 0 0 0 
00:00:21.8088337
0 0 0 0 0 0 0 0 0 
00:00:21.8348587
0 0 0 0 0 0 0 0 0 
00:00:21.8720587
0 0 0 0 0 0 0 0 0 
00:00:21.9054014
0 0 0 0 0 0 0 0 0 
00:00:21.9414546
0 0 0 0 0 0 0 0 0 
00:00:21.9672048
0 0 0 0 0 0 0 0 0 
00:00:21.9971990
0 0 0 0 0 0 0 0 0 
00:00:22.0407482
0 0 0 0 0 0 0 0 0 
00:00:22.0773329
0 0 0 0 0 0 0 0 0 
00:00:22.1098799
0 0 0 0 0 0 0 0 0 
00:00:22.1404119
0 0 0 0 0 0 0 0 0 
00:00:22.1684189
0 0 0 0 0 0 0 0 0 
00:00:22.1986061
0 0 0 0 0 0 0 0 0 
00:00:22.2344334
0 0 0 0 0 0 0 0 0 
00:00:22.2636442
0 0 0 0 0 0 0 0 0 
00:00:22.2923598
0 0 0 0 0 0 0 0 0 
00:00:22.3297156
0 0 0 0 0 0 0 0 0 
00:00:22.3597622
0 0 0 0 0 0 0 0 0 
00:00:22.3888166
0 0 0 0 0 0 0 0 0 
00:00:22.4243030
0 0 0 0 0 0 0 0 0 
00:00:22.4593341
0 0 0 0 0 0 0 0 0 
00:00:22.4867206
0 0 0 0 0 0 0 0 0 
00:00:22.5136437
0 0 0 0 0 0 0 0 0 
00:00:22.5426249
0 0 0 0 0 0 0 0 0 
00:00:22.5750788
0 0 0 0 0 0 0 0 0 
00:00:22.6085874
0 0 0 0 0 0 0 0 0 
00:00:22.6343807
0 0 0 0 0 0 0 0 0 
00:00:22.6649293
0 0 0 0 0 0 0 0 0 
00:00:22.6940277
0 0 0 0 0 0 0 0 0 
00:00:22.7254931
0 0 0 0 0 0 0 0 0 
00:00:22.7528948
0 0 0 0 0 0 0 0 0 
00:00:22.7749333
0 0 0 0 0 0 0 0 0 
00:00:22.7979670
0 0 0 0 0 0 0 0 0 
00:00:22.8259210
0 0 0 0 0 0 0 0 0 
00:00:22.8536858
0 0 0 0 0 0 0 0 0 
00:00:22.8897194
0 0 0 0 0 0 0 0 0 
00:00:22.9200720
0 0 0 0 0 0 0 0 0 
00:00:22.9600082
0 0 0 0 0 0 0 0 0 
00:00:22.9920739
0 0 0 0 0 0 0 0 0 
00:00:23.0282548
0 0 0 0 0 0 0 0 0 
00:00:23.1347155
0 0 0 0 0 0 0 0 0 
00:00:23.1879508
0 0 0 0 0 0 0 0 0 
00:00:23.2269028
0 0 0 0 0 0 0 0 0 
00:00:23.2610703
0 0 0 0 0 0 0 0 0 
00:00:23.3021279
0 0 0 0 0 0 0 0 0 
00:00:23.3264705
0 0 0 0 0 0 0 0 0 
00:00:23.3537103
0 0 0 0 0 0 0 0 0 
00:00:23.3893311
0 0 0 0 0 0 0 0 0 
00:00:23.4183316
0 0 0 0 0 0 0 0 0 
00:00:23.4406801
0 0 0 0 0 0 0 0 0 
00:00:23.4653841
0 0 0 0 0 0 0 0 0 
00:00:23.5023905
0 0 0 0 0 0 0 0 0 
00:00:23.5366219
0 0 0 0 0 0 0 0 0 
00:00:23.5741572
0 0 0 0 0 0 0 0 0 
00:00:23.6012468
0 0 0 0 0 0 0 0 0 
00:00:23.6332654
0 0 0 0 0 0 0 0 0 
00:00:23.6628078
0 0 0 0 0 0 0 0 0 
00:00:23.6928968
0 0 0 0 0 0 0 0 0 
00:00:23.7229431
0 0 0 0 0 0 0 0 0 
00:00:23.7514750
0 0 0 0 0 0 0 0 0 
00:00:23.7934662
0 0 0 0 0 0 0 0 0 
00:00:23.8245867
0 0 0 0 0 0 0 0 0 
00:00:23.8556284
0 0 0 0 0 0 0 0 0 
00:00:23.8966950
0 0 0 0 0 0 0 0 0 
00:00:23.9268201
0 0 0 0 0 0 0 0 0 
00:00:23.9603317
0 0 0 0 0 0 0 0 0 
00:00:23.9883447
0 0 0 0 0 0 0 0 0 
00:00:24.0220789
0 0 0 0 0 0 0 0 0 
00:00:24.0599614
0 0 0 0 0 0 0 0 0 
00:00:24.0908482
0 0 0 0 0 0 0 0 0 
00:00:24.1214562
0 0 0 0 0 0 0 0 0 
00:00:24.1565691
0 0 0 0 0 0 0 0 0 
00:00:24.1971288
0 0 0 0 0 0 0 0 0 
00:00:24.2363980
0 0 0 0 0 0 0 0 0 
00:00:24.2758849
0 0 0 0 0 0 0 0 0 
00:00:24.3080897
0 0 0 0 0 0 0 0 0 
00:00:24.3345763
0 0 0 0 0 0 0 0 0 
00:00:24.3746237
0 0 0 0 0 0 0 0 0 
00:00:24.4123382
0 0 0 0 0 0 0 0 0 
00:00:24.4422634
0 0 0 0 0 0 0 0 0 
00:00:24.4750509
0 0 0 0 0 0 0 0 0 
00:00:24.5157043
0 0 0 0 0 0 0 0 0 
00:00:24.5542380
0 0 0 0 0 0 0 0 0 
00:00:24.5827037
0 0 0 0 0 0 0 0 0 
00:00:24.6073321
0 0 0 0 0 0 0 0 0 
00:00:24.6394649
0 0 0 0 0 0 0 0 0 
00:00:24.6675095
0 0 0 0 0 0 0 0 0 
00:00:24.7075900
0 0 0 0 0 0 0 0 0 
00:00:24.7343318
0 0 0 0 0 0 0 0 0 
00:00:24.7709521
0 0 0 0 0 0 0 0 0 
00:00:24.8107757
0 0 0 0 0 0 0 0 0 
00:00:24.8403145
0 0 0 0 0 0 0 0 0 
00:00:24.8677974
0 0 0 0 0 0 0 0 0 
00:00:24.9608910
0 0 0 0 0 0 0 0 0 
00:00:25.0323613
0 0 0 0 0 0 0 0 0 
00:00:25.0674408
0 0 0 0 0 0 0 0 0 
00:00:25.0958667
0 0 0 0 0 0 0 0 0 
00:00:25.1388919
0 0 0 0 0 0 0 0 0 
00:00:25.1659285
0 0 0 0 0 0 0 0 0 
00:00:25.1939062
0 0 0 0 0 0 0 0 0 
00:00:25.2299519
0 0 0 0 0 0 0 0 0 
00:00:25.2666120
0 0 0 0 0 0 0 0 0 
00:00:25.2978259
0 0 0 0 0 0 0 0 0 
00:00:25.3563194
0 0 99 0 0 0 0 0 0 
00:00:25.4263550
0 0 99 0 0 0 0 0 0 
00:00:25.4805757
0 0 0 0 0 0 0 0 0 
00:00:25.5337592
0 0 0 0 0 0 0 0 0 
00:00:25.5743129
0 0 0 0 0 0 0 0 0 
00:00:25.6179573
0 0 0 0 0 0 0 0 0 
00:00:25.6730234
2 0 0 0 0 0 0 0 0 
00:00:25.7150420
2 0 0 0 0 0 0 0 0 
00:00:25.7627242
2 0 0 0 0 0 0 0 0 
00:00:25.8141173
2 0 0 0 0 0 0 0 0 
00:00:25.8617320
2 0 0 0 0 0 0 0 0 
00:00:25.9125627
67 0 0 0 0 0 0 0 0 
00:00:25.9466026
67 0 0 0 0 0 0 0 0 
00:00:25.9808623
67 0 0 0 0 0 0 0 0 
00:00:26.0061536
67 0 0 0 0 0 0 0 0 
00:00:26.0424332
67 0 0 0 0 0 0 0 0 
00:00:26.0764809
67 0 0 0 0 0 0 0 0 
00:00:26.1133094
67 0 0 0 0 0 0 0 0 
00:00:26.1480913
67 0 0 0 0 0 0 0 0 
00:00:26.1872165
67 0 0 0 0 0 0 0 0 
00:00:26.2232610
67 0 0 0 0 0 0 0 0 
00:00:26.2520408
67 0 0 0 0 0 0 0 0 
00:00:26.2901058
67 0 0 0 0 0 0 0 0 
00:00:26.3146357
67 0 0 0 0 0 0 0 0 
00:00:26.3512362
67 0 0 0 0 0 0 0 0 
00:00:26.3941568
67 0 0 0 0 0 0 0 0 
00:00:26.4401702
67 0 0 0 0 0 0 0 0 
00:00:26.4800821
67 0 0 0 0 0 0 0 0 
00:00:26.5126968
67 0 0 0 0 0 0 0 0 
00:00:26.5501646
67 0 0 0 0 0 0 0 0 
00:00:26.5798265
67 0 0 0 0 0 0 0 0 
00:00:26.6058325
67 0 0 0 0 0 0 0 0 
00:00:26.6261935
67 0 0 0 0 0 0 0 0 
00:00:26.6581968
24 0 0 0 0 0 0 0 0 
00:00:26.6954641
10 0 0 0 0 0 0 0 0 
00:00:26.7344655
10 0 0 0 0 0 0 0 0 
00:00:26.7763187
3 0 0 0 0 0 0 0 0 
00:00:26.8117009
3 0 0 0 0 0 0 0 0 
00:00:26.8477285
3 0 0 0 0 0 0 0 0 
00:00:26.8767794
3 0 0 0 0 0 0 0 0 
00:00:26.9147056
3 0 0 0 0 0 0 0 0 
00:00:26.9609467
3 0 0 0 0 0 43 0 0 
00:00:27.0063418
3 0 0 0 0 0 43 0 0 
00:00:27.0389541
3 0 0 0 0 0 43 0 0 
00:00:27.0674504
3 0 0 0 0 0 43 0 0 
00:00:27.0954987
3 0 0 0 0 0 43 0 0 
00:00:27.1265328
3 0 0 0 0 0 43 0 0 
00:00:27.1667904
3 0 0 0 0 0 43 0 0 
00:00:27.2018260
3 0 0 0 0 0 43 0 0 
00:00:27.2334525
3 0 0 0 0 0 43 0 0 
00:00:27.2679405
3 0 0 0 0 0 0 0 0 
00:00:27.2978461
3 0 0 0 0 0 0 0 0 
00:00:27.3348281
3 0 0 0 0 0 0 0 0 
00:00:27.3750942
3 0 0 0 0 0 0 0 0 
00:00:27.4041242
3 0 0 0 0 0 0 0 0 
00:00:27.4901579
67 0 0 0 0 0 0 0 0 
00:00:27.5375543
67 0 0 0 0 0 0 0 0 
00:00:27.5755998
67 0 0 0 0 0 0 0 0 
00:00:27.6547176
67 0 0 0 0 0 0 0 0 
00:00:27.7063672
67 0 0 0 0 0 0 0 0 
00:00:27.7402008
67 0 0 0 0 0 0 0 0 
00:00:27.7750761
67 0 0 0 0 0 0 0 0 
00:00:27.8106884
10 0 0 0 0 0 0 0 0 
00:00:27.8527579
24 0 0 0 0 0 0 0 0 
00:00:27.8998242
10 0 0 0 0 0 0 0 0 
00:00:27.9298786
3 0 0 0 0 0 0 0 0 
00:00:27.9683291
3 0 0 0 0 0 0 0 0 
00:00:28.0068719
0 0 0 0 0 0 0 0 0 
00:00:28.0534325
0 0 0 0 0 0 0 0 0 
00:00:28.0869832
0 0 0 0 0 0 0 0 0 
00:00:28.1204789
0 0 0 0 0 0 0 0 0 
00:00:28.1635326
0 0 0 0 0 0 0 0 0 
00:00:28.2005249
2 0 0 0 0 0 0 0 0 
00:00:28.2478379
1 0 0 0 0 0 0 0 0 
00:00:28.2823864
1 0 0 0 0 0 0 0 0 
00:00:28.3289762
1 0 0 0 0 0 0 0 0 
00:00:28.3754532
1 0 0 0 0 0 0 0 0 
00:00:28.4007396
1 0 0 0 0 0 0 0 0 
00:00:28.4357869
1 0 0 0 0 0 0 0 0 
00:00:28.4713308
1 0 0 0 0 0 0 0 0 
00:00:28.5086047
1 0 0 0 0 0 0 0 0 
00:00:28.5631790
1 0 0 0 0 0 0 0 0 
00:00:28.5968629
1 0 0 0 0 0 0 0 0 
00:00:28.6367919
1 0 0 0 0 0 0 0 0 
00:00:28.6673556
1 0 0 0 0 0 0 0 0 
00:00:28.7001606
1 0 0 0 0 0 0 0 0 
00:00:28.7352118
1 0 0 0 0 0 0 0 0 
00:00:28.7697531
1 0 0 0 0 0 0 0 0 
00:00:28.7999544
1 0 0 0 0 0 0 0 0 
00:00:28.8344608
1 0 0 0 0 0 0 0 0 
00:00:28.8695042
1 0 0 0 0 0 0 0 0 
00:00:28.9293699
61 0 0 0 0 0 0 0 0 
00:00:28.9623225
1 0 0 0 0 0 0 0 0 
00:00:28.9996081
1 0 0 0 0 0 0 0 0 
00:00:29.0366952
1 0 0 0 0 0 0 0 0 
00:00:29.0797050
1 0 0 0 0 0 0 0 0 
00:00:29.1152549
1 0 0 0 0 0 0 0 0 
00:00:29.1598706
2 0 0 0 0 0 0 0 0 
00:00:29.1972240
2 0 0 0 0 0 0 0 0 
00:00:29.2348343
67 0 0 0 0 0 0 0 0 
00:00:29.2663548
67 0 0 0 0 0 0 0 0 
00:00:29.3091224
67 0 0 0 0 0 0 0 0 
00:00:29.3409977
67 0 0 0 0 0 0 0 0 
00:00:29.3748460
67 0 0 0 0 0 0 0 0 
00:00:29.4005770
67 0 0 0 0 0 0 0 0 
00:00:29.4976855
67 0 0 0 0 0 0 0 0 
00:00:29.5402520
67 0 0 0 0 0 0 0 0 
00:00:29.5863130
67 0 0 0 0 0 0 0 0 
00:00:29.6328778
67 0 0 0 0 0 0 0 0 
00:00:29.6974630
67 0 0 0 0 0 0 0 0 
00:00:29.7376110
67 0 0 0 0 0 0 0 0 
00:00:29.7694911
67 0 0 0 0 0 0 0 0 
00:00:29.8125855
67 0 0 0 0 0 0 0 0 
00:00:29.8436413
67 0 0 99 0 0 0 0 0 
00:00:29.8922104
67 0 0 99 0 0 0 0 0 
00:00:29.9300770
67 0 0 99 0 0 0 0 0 
00:00:29.9681195
67 0 0 99 0 0 0 0 0 
00:00:30.0014540
67 0 0 99 0 0 0 0 0 
00:00:30.0409436
103 0 0 99 0 0 0 0 0 
00:00:30.0830119
4 0 0 99 0 0 0 0 0 
00:00:30.1211469
4 0 0 99 0 0 0 0 0 
00:00:30.1629432
10 0 0 99 0 0 0 0 0 
00:00:30.2024590
0 0 0 99 0 0 0 0 0 
00:00:30.2370226
0 0 0 99 0 0 0 0 0 
00:00:30.2660569
0 0 0 99 0 0 0 0 0 
00:00:30.3030203
0 0 0 99 0 0 0 0 0 
00:00:30.3445398
0 0 0 99 0 0 0 0 0 
00:00:30.3916049
0 0 0 99 0 0 0 0 0 
00:00:30.4231516
0 0 0 99 0 0 0 0 0 
00:00:30.4516782
0 0 0 99 0 0 0 0 0 
00:00:30.4877232
0 0 0 99 0 0 0 0 0 
00:00:30.5238081
0 0 0 99 0 0 0 0 0 
00:00:30.5508452
0 0 0 99 0 0 0 0 0 
00:00:30.5909945
0 0 0 99 0 0 0 0 0 
00:00:30.6678185
0 0 0 99 0 0 0 0 0 
00:00:30.7440712
0 0 0 99 0 0 0 0 0 
00:00:30.7756119
0 0 0 99 0 0 0 0 0 
00:00:30.8146907
0 0 0 99 0 0 0 0 0 
00:00:30.8405647
0 0 0 99 0 0 0 0 0 
00:00:30.8815777
0 0 0 99 0 0 0 0 0 
00:00:30.9299659
0 0 0 99 0 0 0 0 0 
00:00:30.9640229
0 0 0 99 0 0 0 0 0 
00:00:30.9980691
0 0 0 99 0 0 0 0 0 
00:00:31.0319038
0 0 0 99 0 0 0 0 0 
00:00:31.0773844
0 0 0 99 0 0 0 0 0 
00:00:31.1182035
0 0 0 99 0 0 0 0 0 
00:00:31.1678900
0 0 0 99 0 0 0 0 0 
00:00:31.1989232
0 0 0 99 0 0 0 0 0 
00:00:31.2435744
0 0 0 99 0 0 0 0 0 
00:00:31.2919475
0 0 0 99 0 0 0 0 0 
00:00:31.3308824
0 0 0 99 0 0 0 0 0 
00:00:31.3681517
0 0 0 99 0 0 0 0 0 
00:00:31.3968093
0 0 0 99 0 0 0 0 0 
00:00:31.4348517
0 0 0 99 0 0 0 0 0 
00:00:31.4794171
0 0 0 99 0 0 0 0 0 
00:00:31.5242616
0 0 0 99 0 0 0 0 0 
00:00:31.5639777
0 0 0 99 0 0 0 0 0 
00:00:31.6085259
0 0 0 99 0 0 0 0 0 
00:00:31.6485830
0 0 0 99 0 0 0 0 0 
00:00:31.6966540
0 0 0 99 0 0 0 0 0 
00:00:31.7302087
0 0 0 99 0 0 0 0 0 
00:00:31.7647804
0 0 0 99 0 0 0 0 0 
00:00:31.8007646
0 0 0 99 0 0 0 0 0 
00:00:31.8429952
0 0 0 99 0 0 0 0 0 
00:00:31.8952201
0 0 0 99 0 0 0 0 0 
00:00:31.9309767
0 0 0 99 0 0 0 0 0 
00:00:31.9640280
0 0 0 99 0 0 0 0 0 
00:00:32.0002243
0 0 0 99 0 0 0 0 0 
00:00:32.0327890
0 0 0 99 0 0 0 0 0 
00:00:32.0890854
0 0 0 99 0 0 0 0 0 
00:00:32.1281281
0 0 0 99 0 0 0 0 0 
00:00:32.1651641
0 0 0 99 0 0 0 0 0 
00:00:32.2030033
0 0 0 99 0 0 0 0 0 
00:00:32.2595807
0 0 0 99 0 0 0 0 0 
00:00:32.2941157
0 0 0 99 0 0 0 0 0 
00:00:32.3338634
0 0 0 99 0 0 0 0 0 
00:00:32.3703979
0 0 0 99 0 0 0 0 0 
00:00:32.3961846
0 0 0 99 0 0 0 0 0 
00:00:32.4919099
0 0 0 99 0 0 0 0 0 
00:00:32.5316922
0 0 0 99 0 0 0 0 0 
00:00:32.5637338
0 0 0 99 0 0 0 0 0 
00:00:32.6059587
0 0 0 99 0 0 0 0 0 
00:00:32.6419755
0 0 0 99 0 0 0 0 0 
00:00:32.6710088
0 0 0 99 0 0 0 0 0 
00:00:32.6994059
0 0 0 99 0 0 0 0 0 
00:00:32.7323130
0 0 0 99 0 0 0 0 0 
00:00:32.7628414
0 0 0 99 0 0 0 0 0 
00:00:32.7993566
0 0 0 99 0 0 0 0 0 
00:00:32.8385932
0 0 0 99 0 0 0 0 0 
00:00:32.8741357
0 0 0 99 0 0 0 0 0 
00:00:32.9086986
0 0 0 99 0 0 0 0 0 
00:00:32.9452512
0 0 0 99 0 0 0 0 0 
00:00:32.9943926
0 0 0 99 0 0 0 0 0 
00:00:33.0283948
0 0 0 99 0 0 0 0 0 
00:00:33.0604400
0 0 0 99 0 0 0 0 0 
00:00:33.1071864
0 0 0 99 0 0 0 0 0 
00:00:33.1416226
0 0 0 99 0 0 0 0 0 
00:00:33.1786718
0 0 0 99 0 0 0 0 0 
00:00:33.2318222
0 0 0 99 0 0 0 0 0 
00:00:33.2648694
0 0 0 99 0 0 0 0 0 
00:00:33.2978825
0 0 0 99 0 0 0 0 0 
00:00:33.3364481
0 0 0 99 0 0 0 0 0 
00:00:33.3783842
0 0 0 99 0 0 0 0 0 
00:00:33.4946834
0 0 0 99 0 0 0 0 0 
00:00:33.5447823
0 0 0 99 0 0 0 0 0 
00:00:33.5848282
0 0 0 99 0 0 0 0 0 
00:00:33.6176525
0 0 0 99 0 0 0 0 0 
00:00:33.6626283
0 0 0 99 0 0 0 0 0 
00:00:33.6984460
0 0 0 99 0 0 0 0 0 
00:00:33.7342149
0 0 0 99 0 0 0 0 0 
00:00:33.7820670
0 0 0 99 0 0 0 0 0 
00:00:33.8103191
0 0 0 99 0 0 0 0 0 
00:00:33.8428513
0 0 0 99 0 0 0 0 0 
00:00:33.8800715
0 0 0 99 0 0 0 0 0 
00:00:33.9239604
0 0 0 99 0 0 0 0 0 
00:00:33.9568188
0 0 0 99 0 0 0 0 0 
00:00:33.9948799
0 0 0 99 0 0 0 0 0 
00:00:34.0330058
0 0 0 99 0 0 0 0 0 
00:00:34.0625609
0 0 0 99 0 0 0 0 0 
00:00:34.1008358
0 0 0 99 0 0 0 0 0 
00:00:34.1419048
0 0 0 99 0 0 0 0 0 
00:00:34.1734455
0 0 0 99 0 0 0 0 0 
00:00:34.2184973
0 0 0 99 0 0 0 0 0 
00:00:34.2618416
0 0 0 99 0 0 0 0 0 
00:00:34.3001142
0 0 0 99 0 0 0 0 0 
00:00:34.3435038
0 0 0 99 0 0 0 0 0 
00:00:34.3700356
0 0 0 99 0 0 0 0 0 
00:00:34.4150961
0 0 0 99 0 0 0 0 0 
00:00:34.4467675
0 0 0 99 0 0 0 0 0 
00:00:34.5016424
0 0 0 99 0 0 0 0 0 
00:00:34.5358747
0 0 0 99 0 0 0 0 0 
00:00:34.5878143
0 0 0 99 0 0 0 0 0 
00:00:34.6252096
0 0 0 99 0 0 0 0 0 
00:00:34.6662120
0 0 0 99 0 0 0 0 0 
00:00:34.7412383
0 0 0 99 0 0 0 0 0 
00:00:34.8093590
0 0 0 99 0 0 0 0 0 
00:00:34.8479162
0 0 0 99 0 0 0 0 0 
00:00:34.8894444
0 0 0 99 0 0 0 0 0 
00:00:34.9288121
0 0 0 99 0 0 0 0 0 
00:00:34.9702160
0 0 0 99 0 0 0 0 0 
00:00:34.9977035
0 0 0 99 0 0 0 0 0 
00:00:35.0322526
0 0 0 99 0 0 0 0 0 
00:00:35.0643342
0 0 0 99 0 0 0 0 0 
00:00:35.0988240
0 0 0 99 0 0 0 0 0 
00:00:35.1358729
0 0 0 99 0 0 0 0 0 
00:00:35.1857395
0 0 0 99 0 0 0 0 0 
00:00:35.2252087
0 0 0 99 0 0 0 0 0 
00:00:35.2595720
0 0 0 99 0 0 0 0 0 
00:00:35.2919409
0 0 0 99 0 0 0 0 0 
00:00:35.3356982
0 0 0 99 0 0 0 0 0 
00:00:35.3799220
0 0 0 99 0 0 0 0 0 
00:00:35.4243103
0 0 0 99 0 0 0 0 0 
00:00:35.4594958
0 0 0 99 0 0 0 0 0 
00:00:35.4852412
0 0 0 99 0 0 0 0 0 
00:00:35.5242845
0 0 0 99 0 0 0 0 0 
00:00:35.5630938
0 0 0 99 0 0 0 0 0 
00:00:35.5991431
0 0 0 99 0 0 0 0 0 
00:00:35.6457155
0 0 0 99 0 0 0 0 0 
00:00:35.6920731
0 0 0 99 0 0 0 0 0 
00:00:35.7302457
0 0 0 99 0 0 0 0 0 
00:00:35.7692001
0 0 0 99 0 0 0 0 0 
00:00:35.7977450
0 0 0 99 0 0 0 0 0 
00:00:35.8348026
0 0 0 99 0 0 0 0 0 
00:00:35.8758554
0 0 0 99 0 0 0 0 0 
00:00:35.9028962
0 0 0 99 0 0 0 0 0 
00:00:35.9439555
0 0 0 99 0 0 0 0 0 
00:00:35.9965412
0 0 0 99 0 0 0 0 0 
00:00:36.0447637
0 0 0 99 0 0 0 0 0 
00:00:36.1108680
5 0 0 99 0 0 0 0 0 
00:00:36.2605357
14 0 0 99 0 0 0 0 0 
00:00:36.2970582
10 0 0 0 0 0 0 0 0 
00:00:36.3434583
10 0 0 0 0 0 0 0 0 
00:00:36.3890633
10 0 0 0 0 0 0 0 0 
00:00:36.4300880
10 0 0 0 0 0 0 0 0 
00:00:36.4671411
44 0 0 0 0 0 0 0 0 
00:00:36.5162546
3 0 0 0 0 0 0 0 0 
00:00:36.5627017
1 0 0 0 0 0 0 0 0 
00:00:36.5892302
0 0 0 0 0 0 0 0 0 
00:00:36.6237763
0 0 0 0 0 0 0 0 0 
00:00:36.6591946
0 0 0 0 0 0 0 0 0 
00:00:36.6919517
0 0 0 0 0 0 0 0 0 
00:00:36.7267379
0 0 0 0 0 0 0 0 0 
00:00:36.7577238
0 0 0 0 0 0 0 0 0 
00:00:36.7861904
0 0 0 0 0 0 0 0 0 
00:00:36.8235947
0 0 0 0 0 0 0 0 0 
00:00:36.8623928
0 0 0 0 0 0 0 0 0 
00:00:36.9146851
0 0 0 0 0 0 0 0 0 
00:00:36.9460680
0 0 0 0 0 0 0 0 0 
00:00:36.9845966
0 0 0 0 0 0 43 0 0 
00:00:37.0276572
0 0 0 0 0 0 0 0 0 
00:00:37.0615781
0 0 0 0 0 0 0 0 0 
00:00:37.0940747
0 0 0 0 0 0 0 0 0 
00:00:37.1304348
0 0 0 0 0 0 0 0 0 
00:00:37.1664820
0 0 0 0 0 0 0 0 0 
00:00:37.1970225
0 0 0 0 0 0 0 0 0 
00:00:37.2421450
2 0 0 0 0 0 0 0 0 
00:00:37.2673276
2 0 0 0 0 0 0 0 0 
00:00:37.3117354
2 0 0 0 0 0 0 0 0 
00:00:37.3552524
2 0 0 0 0 0 0 0 0 
00:00:37.3967508
2 0 0 0 0 0 0 0 0 
00:00:37.4293032
2 0 0 0 0 0 0 0 0 
00:00:37.4661575
2 0 0 0 0 0 0 0 0 
00:00:37.4990044
2 0 0 0 0 0 0 0 0 
00:00:37.5338800
2 0 0 0 0 0 0 0 0 
00:00:37.5622074
2 0 0 0 0 0 0 0 0 
00:00:37.5989708
2 0 0 0 0 0 0 0 0 
00:00:37.6325264
2 0 0 0 0 0 0 0 0 
00:00:37.6685428
2 0 0 0 0 0 0 0 0 
00:00:37.7116107
2 0 0 0 0 0 0 0 0 
00:00:37.7543814
2 0 0 0 0 0 0 0 0 
00:00:37.7890558
2 0 0 0 0 0 0 0 0 
00:00:37.8265227
2 0 0 0 0 0 0 0 0 
00:00:37.8610842
2 0 0 0 0 0 0 0 0 
00:00:37.8951228
2 0 0 0 0 0 0 0 0 
00:00:37.9321811
2 0 0 0 0 0 0 0 0 
00:00:37.9744496
2 0 0 0 0 0 0 0 0 
00:00:38.0245175
2 0 0 0 0 0 0 0 0 
00:00:38.0635855
2 0 0 0 0 0 0 0 0 
00:00:38.1024845
2 0 0 0 0 0 0 0 0 
00:00:38.1300270
2 0 0 0 0 0 0 0 0 
00:00:38.1842948
2 0 0 0 0 0 0 0 0 
00:00:38.2223505
2 0 0 0 0 0 0 0 0 
00:00:38.2669086
2 0 0 0 0 0 0 0 0 
00:00:38.3019457
2 0 0 0 0 0 0 0 0 
00:00:38.3310809
2 0 0 0 0 0 0 0 0 
00:00:38.3686318
0 0 0 0 99 0 0 0 0 
00:00:38.4572656
0 0 0 0 99 0 0 0 0 
00:00:38.4913021
0 0 0 0 99 0 0 0 0 
00:00:38.5328858
0 0 0 0 99 0 0 0 0 
00:00:38.5790326
0 0 0 0 99 0 0 0 0 
00:00:38.6273687
0 0 0 0 99 0 0 0 0 
00:00:38.6650386
0 0 0 0 99 0 0 0 0 
00:00:38.6955722
0 0 0 0 99 0 0 0 0 
00:00:38.7366493
0 0 0 0 99 0 0 0 0 
00:00:38.7860594
0 0 0 0 99 0 0 0 0 
00:00:38.8294766
0 0 0 0 99 0 0 0 0 
00:00:38.8717296
14 0 0 0 99 0 0 0 0 
00:00:38.9592020
14 0 0 0 99 0 0 0 0 
00:00:38.9912450
0 0 0 0 99 0 0 0 0 
00:00:39.0341897
0 0 0 0 99 0 0 0 0 
00:00:39.0844955
0 0 0 0 99 0 0 0 0 
00:00:39.1248697
0 0 0 0 99 0 0 0 0 
00:00:39.1582075
0 0 0 0 99 0 0 0 0 
00:00:39.1937472
0 0 0 0 99 0 0 0 0 
00:00:39.2259393
0 0 0 0 99 0 0 0 0 
00:00:39.2684729
0 0 0 0 99 0 0 0 0 
00:00:39.3030085
0 0 0 0 99 0 0 0 0 
00:00:39.3439742
0 0 0 0 99 0 0 0 0 
00:00:39.3877134
0 0 0 0 99 0 0 0 0 
00:00:39.4259363
0 0 0 0 99 0 0 0 0 
00:00:39.4623533
0 0 0 0 99 0 0 0 0 
00:00:39.5009048
0 0 0 0 99 0 0 0 0 
00:00:39.5370601
0 0 0 0 99 0 0 0 0 
00:00:39.5754676
0 0 0 0 99 0 0 0 0 
00:00:39.6263537
0 0 0 0 99 0 0 0 0 
00:00:39.6679808
0 0 0 0 99 0 0 0 0 
00:00:39.7149411
0 0 0 0 99 0 0 0 0 
00:00:39.7566974
0 0 0 0 99 0 0 0 0 
00:00:39.7940896
0 0 0 0 99 0 0 0 0 
00:00:39.8419574
0 0 0 0 99 0 0 0 0 
00:00:39.8692289
0 0 0 0 99 0 0 0 0 
00:00:39.9249329
0 0 0 0 99 0 0 0 0 
00:00:39.9538094
0 0 0 0 99 0 0 0 0 
00:00:39.9888989
0 0 0 0 99 0 0 0 0 
00:00:40.0197288
0 0 0 0 99 0 0 0 0 
00:00:40.0600984
0 0 0 0 99 0 0 0 0 
00:00:40.1018168
0 0 0 0 99 0 0 0 0 
00:00:40.1546783
0 0 0 0 99 0 0 0 0 
00:00:40.1937397
0 0 0 0 99 0 0 0 0 
00:00:40.2280997
0 0 0 0 99 0 0 0 0 
00:00:40.2679540
0 0 0 0 99 0 0 0 0 
00:00:40.3019902
0 0 0 0 99 0 0 0 0 
00:00:40.3580551
0 0 0 0 99 0 0 0 0 
00:00:40.3946571
0 0 0 0 99 0 0 0 0 
00:00:40.4356354
0 0 0 0 99 0 0 0 0 
00:00:40.4656708
0 0 0 0 99 0 0 0 0 
00:00:40.5111062
0 0 0 0 99 0 0 0 0 
00:00:40.5547346
0 0 0 0 99 0 0 0 0 
00:00:40.5899244
0 0 0 0 99 0 0 0 0 
00:00:40.6251843
0 0 0 0 99 0 0 0 0 
00:00:40.6683215
0 0 0 0 99 0 0 0 0 
00:00:40.7012394
0 0 0 0 99 0 0 0 0 
00:00:40.7420419
0 0 0 0 99 0 0 0 0 
00:00:40.7861012
0 0 0 0 99 0 0 0 0 
00:00:40.8276473
0 0 0 0 99 0 0 0 0 
00:00:40.8669463
0 0 0 0 99 0 0 0 0 
00:00:40.8979810
0 0 0 0 99 0 0 0 0 
00:00:40.9340393
0 0 0 0 99 0 0 0 0 
00:00:40.9941167
0 0 0 0 99 0 0 0 0 
00:00:41.0304329
0 0 0 0 99 0 0 0 0 
00:00:41.0729731
0 0 0 0 99 0 0 0 0 
00:00:41.1010087
0 0 0 0 99 0 0 0 0 
00:00:41.1441594
0 0 0 0 99 0 0 0 0 
00:00:41.1776087
0 0 0 0 99 0 0 0 0 
00:00:41.2276106
0 0 0 0 99 0 0 0 0 
00:00:41.2598195
0 0 0 0 99 0 0 0 0 
00:00:41.3031880
0 0 0 0 99 0 0 0 0 
00:00:41.3551816
0 0 0 0 99 0 0 0 0 
00:00:41.3917155
0 0 0 0 99 0 0 0 0 
00:00:41.4207642
0 0 0 0 99 0 0 0 0 
00:00:41.4603653
0 0 0 0 99 0 0 0 0 
00:00:41.4917289
0 0 0 0 99 0 0 0 0 
00:00:41.5232114
19 0 0 0 99 0 0 0 0 
00:00:41.5576329
19 0 0 0 99 0 0 0 0 
00:00:41.5891732
0 0 0 0 99 0 0 0 0 
00:00:41.6302239
0 0 0 0 99 0 0 0 0 
00:00:41.6712742
0 0 0 0 99 0 0 0 0 
00:00:41.7221672
0 0 0 0 99 0 0 0 0 
00:00:41.7589406
0 0 0 0 99 0 0 0 0 
00:00:41.7894705
0 0 0 0 99 0 0 0 0 
00:00:41.8255252
0 0 0 0 99 0 0 0 0 
00:00:41.8664632
0 0 0 0 99 0 0 0 0 
00:00:41.8989966
0 0 0 0 99 0 0 0 0 
00:00:41.9444483
0 0 0 0 99 0 0 0 0 
00:00:41.9965617
0 0 0 0 99 0 0 0 0 
00:00:42.0465973
0 0 0 0 99 0 0 0 0 
00:00:42.0846603
0 0 0 0 99 0 0 0 0 
00:00:42.1243050
0 0 0 0 99 0 0 0 0 
00:00:42.1628595
0 0 0 0 99 0 0 0 0 
00:00:42.2020332
0 0 0 0 99 0 0 0 0 
00:00:42.2484465
0 0 0 0 99 0 0 0 0 
00:00:42.3449943
0 0 0 0 99 0 0 0 0 
00:00:42.4276021
0 0 0 0 99 0 0 0 0 
00:00:42.4671625
0 0 0 0 99 0 0 0 0 
00:00:42.5287371
0 0 0 0 99 0 0 0 0 
00:00:42.5641386
0 0 0 0 99 0 0 0 0 
00:00:42.6041890
0 0 0 0 99 0 0 0 0 
00:00:42.6498181
0 0 0 0 99 0 0 0 0 
00:00:42.6938594
0 0 0 0 0 0 0 0 0 
00:00:42.7314365
0 0 0 0 0 0 0 0 0 
00:00:42.7727462
2 0 0 0 0 0 0 0 0 
00:00:42.8064343
2 0 0 0 0 0 0 0 0 
00:00:42.8478312
24 0 0 0 0 0 0 0 0 
00:00:42.8957131
67 0 0 0 0 0 0 0 0 
00:00:42.9402767
67 0 0 0 0 0 0 0 0 
00:00:42.9671554
67 0 0 0 0 0 0 0 0 
00:00:43.0046956
67 0 0 0 0 0 0 0 0 
00:00:43.0287348
67 0 0 0 0 0 0 0 0 
00:00:43.0693078
67 0 0 0 0 0 0 0 0 
00:00:43.1101175
67 0 0 0 0 0 0 0 0 
00:00:43.1576934
67 0 0 0 0 0 0 0 0 
00:00:43.1932412
37 0 0 0 0 0 0 0 0 
00:00:43.2364820
37 0 0 0 0 0 0 0 0 
00:00:43.2843657
37 0 0 0 0 0 0 0 0 
00:00:43.3257124
37 0 0 0 0 0 0 0 0 
00:00:43.3654375
37 0 0 0 0 0 0 0 0 
00:00:43.4044829
10 0 0 0 0 0 0 0 0 
00:00:43.4311822
24 0 0 0 0 0 0 0 0 
00:00:43.4704779
10 0 0 0 0 0 0 0 0 
00:00:43.4974612
3 0 0 0 0 0 0 0 0 
00:00:43.5305198
3 0 0 0 0 0 0 0 0 
00:00:43.5625718
3 0 0 0 0 0 0 0 0 
00:00:43.6026220
3 0 0 0 0 0 0 0 0 
00:00:43.6430187
3 0 0 0 0 0 0 0 0 
00:00:43.6963462
3 0 0 0 99 0 0 0 0 
00:00:43.7370791
3 0 0 0 99 0 0 0 0 
00:00:43.7725287
3 0 0 0 99 0 0 0 0 
00:00:43.7960578
3 0 0 0 99 0 0 0 0 
00:00:43.8311774
3 0 0 0 99 0 0 0 0 
00:00:43.8772489
2 0 0 0 99 0 0 0 0 
00:00:43.9238075
2 0 0 0 99 0 0 0 0 
00:00:43.9592839
2 0 0 0 99 0 0 0 0 
00:00:43.9967903
2 0 0 0 99 0 0 0 0 
00:00:44.0339304
2 0 0 0 99 0 0 0 0 
00:00:44.0790033
1 0 0 0 99 0 0 0 0 
00:00:44.1279297
1 0 0 0 99 0 0 0 0 
00:00:44.1663634
1 0 0 0 99 0 0 0 0 
00:00:44.2278223
1 0 0 0 99 0 0 0 0 
00:00:44.3315486
1 0 0 0 99 0 0 0 0 
00:00:44.3606780
1 0 0 0 99 0 0 0 0 
00:00:44.3983965
1 0 0 0 99 0 0 0 0 
00:00:44.4574674
1 0 0 0 99 0 0 0 0 
00:00:44.4930125
1 0 0 0 99 0 0 0 0 
00:00:44.5274354
1 0 0 0 99 0 0 0 0 
00:00:44.5625032
1 0 0 0 99 0 0 0 0 
00:00:44.5950459
1 0 0 0 99 0 0 0 0 
00:00:44.6356128
1 0 0 0 0 0 0 0 0 
00:00:44.6860887
1 0 0 0 0 0 0 0 0 
00:00:44.7276369
1 0 0 0 0 0 0 0 0 
00:00:44.7611777
1 0 0 0 0 0 0 0 0 
00:00:44.7937171
1 0 0 0 0 0 0 0 0 
00:00:44.8326824
1 0 0 0 0 0 0 0 0 
00:00:44.8867083
1 0 0 0 0 0 0 0 0 
00:00:44.9307706
1 0 0 0 0 0 0 0 0 
00:00:44.9637506
1 0 0 0 0 0 0 0 0 
00:00:45.0072965
1 0 0 0 0 0 0 0 0 
00:00:45.0455748
1 0 0 0 0 0 0 0 0 
00:00:45.0873320
1 0 0 0 0 0 0 0 0 
00:00:45.1293937
1 0 0 0 0 0 0 0 0 
00:00:45.1714448
1 0 0 0 0 0 0 0 0 
00:00:45.1949760
1 0 0 0 0 0 0 0 0 
00:00:45.2308130
1 0 0 0 0 0 0 0 0 
00:00:45.2635535
1 0 0 0 0 0 0 0 0 
00:00:45.3055833
1 0 0 0 0 0 0 0 0 
00:00:45.3548641
1 0 0 0 0 0 0 0 0 
00:00:45.4593078
1 0 0 0 0 0 0 0 0 
00:00:45.5085556
1 0 0 0 0 0 0 0 0 
00:00:45.5513063
1 0 0 0 0 0 0 0 0 
00:00:45.5963361
1 0 0 0 0 0 0 0 0 
00:00:45.6283903
1 0 0 0 0 0 0 0 0 
00:00:45.6568795
1 0 0 0 0 0 0 0 0 
00:00:45.6919183
1 0 0 0 0 0 0 0 0 
00:00:45.7256805
1 0 0 0 0 0 0 0 0 
00:00:45.7617514
1 0 0 0 0 0 0 0 0 
00:00:45.7972131
1 0 0 0 0 0 0 0 0 
00:00:45.8300636
1 0 0 0 0 0 0 0 0 
00:00:45.8680543
1 0 0 0 0 0 0 0 0 
00:00:45.9012876
1 0 0 0 0 0 0 0 0 
00:00:45.9593059
1 0 0 0 0 0 0 0 0 
00:00:45.9978796
1 0 0 0 0 0 0 0 0 
00:00:46.0286845
1 0 0 0 0 0 0 0 0 
00:00:46.0807477
1 0 0 0 0 0 0 0 0 
00:00:46.1240607
1 0 0 0 0 0 0 0 0 
00:00:46.1594249
1 0 0 0 0 0 0 0 0 
00:00:46.2050040
1 0 0 0 0 0 0 0 0 
00:00:46.2345491
1 0 0 0 0 0 0 0 0 
00:00:46.2700674
1 0 0 0 0 0 0 0 0 
00:00:46.3095727
2 0 0 0 0 0 0 0 0 
00:00:46.3579090
2 0 0 0 0 0 0 0 0 
00:00:46.3929467
2 0 0 0 0 0 0 0 0 
00:00:46.4284972
2 0 0 0 0 0 0 0 0 
00:00:46.4643306
2 0 0 0 0 0 0 0 0 
00:00:46.4928267
2 0 0 0 0 0 0 0 0 
00:00:46.5233599
2 0 0 0 0 0 0 0 0 
00:00:46.5574308
2 0 0 0 0 0 0 0 0 
00:00:46.5866735
1 0 0 0 0 0 0 0 0 
00:00:46.6331073
1 0 0 0 0 0 0 0 0 
00:00:46.7313588
1 0 0 0 0 0 0 0 0 
00:00:46.7949531
1 0 0 0 0 0 0 0 0 
00:00:46.8331787
1 0 0 0 0 0 0 0 0 
00:00:46.8840564
1 0 0 0 0 0 0 0 0 
00:00:46.9255570
1 0 0 0 0 0 0 0 0 
00:00:46.9601763
1 0 0 0 0 0 0 0 0 
00:00:46.9952437
1 0 0 0 0 0 0 0 0 
00:00:47.0332922
1 0 0 0 0 0 0 0 0 
00:00:47.0753617
1 0 0 0 0 0 0 0 0 
00:00:47.1139045
1 0 0 0 0 0 0 0 0 
00:00:47.1672910
1 0 0 0 0 0 0 0 0 
00:00:47.2123433
1 0 0 0 0 0 0 0 0 
00:00:47.2659913
1 0 0 0 0 0 0 0 0 
00:00:47.2995266
1 0 0 0 0 0 0 0 0 
00:00:47.3298328
1 0 0 0 0 0 0 0 0 
00:00:47.3673889
1 0 0 0 0 0 0 0 0 
00:00:47.4122710
1 0 0 0 0 0 0 0 0 
00:00:47.4548510
1 0 0 0 0 0 0 0 0 
00:00:47.4999133
1 0 0 0 0 0 0 0 0 
00:00:47.5627396
1 0 0 0 0 0 0 0 0 
00:00:47.5984736
1 0 0 0 0 0 0 0 0 
00:00:47.6350228
1 0 0 0 0 0 0 0 0 
00:00:47.6869082
2 0 0 0 0 0 0 0 0 
00:00:47.7258036
2 0 0 0 0 0 0 0 0 
00:00:47.7858817
2 0 0 0 0 0 0 0 0 
00:00:47.8243904
2 0 0 0 0 0 0 0 0 
00:00:47.8612194
2 0 0 0 0 0 0 0 0 
00:00:47.8995022
67 0 0 0 0 0 0 0 0 
00:00:47.9351753
67 0 0 0 0 0 0 0 0 
00:00:47.9742307
67 0 0 0 0 0 0 0 0 
00:00:48.0157081
67 0 0 0 0 0 0 0 0 
00:00:48.0540743
67 0 0 0 0 0 0 0 0 
00:00:48.0921430
63 0 0 0 0 0 0 0 0 
00:00:48.1344718
0 0 0 0 0 0 0 0 0 
00:00:48.1693829
0 0 0 0 0 0 0 0 0 
00:00:48.2174359
0 0 0 0 0 0 0 0 0 
00:00:48.2559829
0 0 0 0 0 0 43 0 0 
00:00:48.2949659
0 0 0 0 0 0 43 0 0 
00:00:48.3280200
0 0 0 0 0 0 43 0 0 
00:00:48.3953928
0 0 0 0 0 0 43 0 0 
00:00:48.4304256
0 0 0 0 0 0 0 0 0 
00:00:48.4627271
0 0 0 0 0 0 0 0 0 
00:00:48.5011629
0 0 0 0 0 0 0 0 0 
00:00:48.5287037
0 0 0 0 0 0 0 0 0 
00:00:48.5770425
10 0 0 0 0 0 0 0 0 
00:00:48.6277401
67 0 0 0 0 0 0 0 0 
00:00:48.6627919
67 0 0 0 0 0 0 0 0 
00:00:48.6973301
67 0 0 0 0 0 0 0 0 
00:00:48.7419428
67 0 0 0 0 0 0 0 0 
00:00:48.7890148
67 0 0 0 0 0 0 0 0 
00:00:48.8285572
67 0 0 0 0 0 0 0 0 
00:00:48.8696138
56 0 0 0 0 99 0 0 0 
00:00:48.9166669
56 0 0 0 0 99 0 0 0 
00:00:48.9578642
56 0 0 0 0 99 0 0 0 
00:00:48.9899479
56 0 0 0 0 99 0 0 0 
00:00:49.0288466
56 0 0 0 0 99 0 0 0 
00:00:49.0684010
56 0 0 0 0 99 0 0 0 
00:00:49.0952511
56 0 0 0 0 99 0 0 0 
00:00:49.1839289
7 0 0 0 0 99 0 0 0 
00:00:49.2272491
7 0 0 0 0 99 0 0 0 
00:00:49.2672258
7 0 0 0 0 99 0 0 0 
00:00:49.3022761
7 0 0 0 0 99 0 0 0 
00:00:49.3293151
7 0 0 0 0 99 0 0 0 
00:00:49.3698525
7 0 0 0 0 99 0 0 0 
00:00:49.3984040
5 0 0 0 0 99 0 0 0 
00:00:49.4338789
0 0 0 0 0 99 0 0 0 
00:00:49.4659211
5 0 0 0 0 99 0 0 0 
00:00:49.5052023
0 0 0 0 0 99 0 0 0 
00:00:49.5501781
5 0 0 0 0 99 0 0 0 
00:00:49.5922317
5 0 0 0 0 99 0 0 0 
00:00:49.6282743
5 0 0 0 0 99 0 0 0 
00:00:49.6603201
0 0 0 0 0 99 0 0 0 
00:00:49.6904781
0 0 0 0 0 99 0 0 0 
00:00:49.7364743
0 0 0 0 0 99 0 0 0 
00:00:49.7638371
0 0 0 0 0 99 0 0 0 
00:00:49.7991735
0 0 0 0 0 99 0 0 0 
00:00:49.8328080
0 0 0 0 0 99 0 0 0 
00:00:49.8901823
0 0 0 0 0 99 0 0 0 
00:00:49.9251612
26 0 0 0 0 99 0 0 0 
00:00:49.9593140
26 0 0 0 0 99 0 0 0 
00:00:49.9983474
26 0 0 0 0 99 0 0 0 
00:00:50.0408945
53 0 0 0 0 99 0 0 0 
00:00:50.0837040
56 0 0 0 0 99 0 0 0 
00:00:50.1246294
56 0 0 0 0 99 0 0 0 
00:00:50.1544314
56 0 0 0 0 99 0 0 0 
00:00:50.1911131
56 0 0 0 0 99 0 0 0 
00:00:50.2239308
56 0 0 0 0 99 0 0 0 
00:00:50.2576806
56 0 0 0 0 99 0 0 0 
00:00:50.3038196
56 0 0 0 0 99 0 0 0 
00:00:50.3557312
56 0 0 0 0 99 0 0 0 
00:00:50.3917896
56 0 0 0 0 99 0 0 0 
00:00:50.4233290
56 0 0 0 0 99 0 0 0 
00:00:50.4628991
56 0 0 0 0 99 0 0 0 
00:00:50.4974575
56 0 0 0 0 99 0 0 0 
00:00:50.5274896
56 0 0 0 0 99 0 0 0 
00:00:50.5845905
56 0 0 0 0 99 0 0 0 
00:00:50.6261438
56 0 0 0 0 99 0 0 0 
00:00:50.6591976
56 0 0 0 0 99 0 0 0 
00:00:50.6946828
56 0 0 0 0 99 0 0 0 
00:00:50.7337529
56 0 0 0 0 99 0 0 0 
00:00:50.8216581
56 0 0 0 0 99 0 0 0 
00:00:50.8600536
56 0 0 0 0 99 0 0 0 
00:00:50.8925987
56 0 0 0 0 99 0 0 0 
00:00:50.9259274
56 0 0 0 0 99 0 0 0 
00:00:50.9559131
56 0 0 0 0 99 0 0 0 
00:00:51.0098454
26 0 0 0 0 99 0 0 0 
00:00:51.0811624
26 0 0 0 0 99 0 0 0 
00:00:51.1127522
26 0 0 0 0 99 0 0 0 
00:00:51.1584358
26 0 0 0 0 99 0 0 0 
00:00:51.1889853
26 0 0 0 0 99 0 0 0 
00:00:51.2260327
26 0 0 0 0 99 0 0 0 
00:00:51.2550685
56 0 0 0 0 99 0 0 0 
00:00:51.2881190
56 0 0 0 0 99 0 0 0 
00:00:51.3124405
56 0 0 0 0 99 0 0 0 
00:00:51.3472784
56 0 0 0 0 99 0 0 0 
00:00:51.3897391
56 0 0 0 0 99 0 0 0 
00:00:51.4290321
53 0 0 0 0 99 0 0 0 
00:00:51.4611917
89 0 0 0 0 99 0 0 0 
00:00:51.4987454
40 0 0 0 0 99 0 0 0 
00:00:51.5272794
40 0 0 0 0 99 0 0 0 
00:00:51.5673612
40 0 0 0 0 99 0 0 0 
00:00:51.6132426
40 0 0 0 0 99 0 0 0 
00:00:51.6597629
26 0 0 0 0 99 0 0 0 
00:00:51.6929471
53 0 0 0 0 99 0 0 0 
00:00:51.7269861
53 0 0 0 0 99 0 0 0 
00:00:51.7616786
26 0 0 0 0 99 0 0 0 
00:00:51.7989542
26 0 0 0 0 99 0 0 0 
00:00:51.8880500
0 0 0 0 0 99 0 0 0 
00:00:51.9279998
0 0 0 0 0 99 0 0 0 
00:00:51.9572943
0 0 0 0 0 99 0 0 0 
00:00:51.9892555
0 0 0 0 0 99 0 0 0 
00:00:52.0257595
0 0 0 0 0 99 0 0 0 
00:00:52.0547191
0 0 0 0 0 99 0 0 0 
00:00:52.0877708
0 0 0 0 0 99 0 0 0 
00:00:52.1197124
0 0 0 0 0 99 0 0 0 
00:00:52.1406983
0 0 0 0 0 99 0 0 0 
00:00:52.1884706
0 0 0 0 0 99 0 0 0 
00:00:52.2258351
1 0 0 0 0 99 0 0 0 
00:00:52.2603412
10 0 0 0 0 99 0 0 0 
00:00:52.2928592
10 0 0 0 0 99 0 0 0 
00:00:52.3220688
10 0 0 0 0 99 0 0 0 
00:00:52.3556415
10 0 0 0 0 99 0 0 0 
00:00:52.3926163
5 0 0 0 0 99 0 0 0 
00:00:52.4199528
5 0 0 0 0 99 0 0 0 
00:00:52.4597584
1 0 0 0 0 99 0 0 0 
00:00:52.4905736
0 0 0 0 0 99 0 0 0 
00:00:52.5250878
0 0 0 0 0 99 0 0 0 
00:00:52.5541401
0 0 0 0 0 99 0 0 0 
00:00:52.5938791
0 0 0 0 0 99 0 0 0 
00:00:52.6271856
0 0 0 0 0 99 0 0 0 
00:00:52.6624205
0 0 0 0 0 99 0 0 0 
00:00:52.6980557
0 0 0 0 0 99 0 0 0 
00:00:52.7385795
0 0 0 0 0 99 0 0 0 
00:00:52.7677253
0 0 0 0 0 99 0 0 0 
00:00:52.8265703
0 0 0 0 0 99 0 0 0 
00:00:52.8599737
0 0 0 0 0 99 0 0 0 
00:00:52.8943654
0 0 0 0 0 99 0 0 0 
00:00:52.9277014
0 0 0 0 0 99 0 0 0 
00:00:52.9584265
0 0 0 0 0 99 0 0 0 
00:00:52.9869325
5 0 0 0 0 99 0 0 0 
00:00:53.0233260
5 0 0 0 0 99 0 0 0 
00:00:53.0513731
5 0 0 0 0 99 0 0 0 
00:00:53.0916768
5 0 0 0 0 99 0 0 0 
00:00:53.1235752
5 0 0 0 0 99 0 0 0 
00:00:53.1571239
5 0 0 0 0 99 0 0 0 
00:00:53.1861597
5 0 0 0 0 99 0 0 0 
00:00:53.2091798
5 0 0 0 0 99 0 0 0 
00:00:53.2397151
0 0 0 0 0 99 0 0 0 
00:00:53.2878187
0 0 0 0 0 99 0 0 0 
00:00:53.3266870
0 0 0 0 0 99 0 0 0 
00:00:53.3535962
0 0 0 0 0 99 0 0 0 
00:00:53.3913050
0 0 0 0 0 99 0 0 0 
00:00:53.4242133
0 0 0 0 0 99 0 0 0 
00:00:53.4611556
40 0 0 0 0 99 0 0 0 
00:00:53.5030676
40 0 0 0 0 99 0 0 0 
00:00:53.5396108
56 0 0 0 0 99 0 0 0 
00:00:53.5745349
56 0 0 0 0 99 0 0 0 
00:00:53.5970671
56 0 0 0 0 99 0 0 0 
00:00:53.6266058
56 0 0 0 0 99 0 0 0 
00:00:53.6537975
56 0 0 0 0 99 0 0 0 
00:00:53.6853250
56 0 0 0 0 99 0 0 0 
00:00:53.7287982
56 0 0 0 0 99 0 0 0 
00:00:53.7844092
56 0 0 0 0 99 0 0 0 
00:00:53.8127056
56 0 0 0 0 99 0 0 0 
00:00:53.8547501
56 0 0 0 0 99 0 0 0 
00:00:53.8887939
56 0 0 0 0 99 0 0 0 
00:00:53.9278324
56 0 0 0 0 99 0 0 0 
00:00:53.9658751
56 0 0 0 0 99 0 0 0 
00:00:54.0049232
56 0 0 0 0 99 0 0 0 
00:00:54.0278413
56 0 0 0 0 99 0 0 0 
00:00:54.0618980
56 0 0 0 0 99 0 0 0 
00:00:54.0939362
56 0 0 0 0 99 0 0 0 
00:00:54.1254669
56 0 0 0 0 99 0 0 0 
00:00:54.1585138
56 0 0 0 0 99 0 0 0 
00:00:54.1875493
56 0 0 0 0 99 0 0 0 
00:00:54.2230941
56 0 0 0 0 99 0 0 0 
00:00:54.2562961
56 0 0 0 0 99 0 0 0 
00:00:54.2873522
56 0 0 0 0 99 0 0 0 
00:00:54.3213986
56 0 0 0 0 99 0 0 0 
00:00:54.3569468
56 0 0 0 0 99 0 0 0 
00:00:54.3862419
56 0 0 0 0 99 0 0 0 
00:00:54.4230586
56 0 0 0 0 99 0 0 0 
00:00:54.4581025
56 0 0 0 0 99 0 0 0 
00:00:54.4936760
56 0 0 0 0 99 0 0 0 
00:00:54.5282125
56 0 0 0 0 99 0 0 0 
00:00:54.5604434
56 0 0 0 0 99 0 0 0 
00:00:54.6274473
56 0 0 0 0 99 0 0 0 
00:00:54.6618739
56 0 0 0 0 99 0 0 0 
00:00:54.6941669
56 0 0 0 0 99 0 0 0 
00:00:54.7387476
56 0 0 0 0 99 0 0 0 
00:00:54.7843388
56 0 0 0 0 99 0 0 0 
00:00:54.8257993
56 0 0 0 0 99 0 0 0 
00:00:54.8598608
56 0 0 0 0 99 0 0 0 
00:00:54.9128588
56 0 0 0 0 99 0 0 0 
00:00:54.9564254
56 0 0 0 0 99 0 0 0 
00:00:54.9859760
56 0 0 0 0 99 0 0 0 
00:00:55.0175196
56 0 0 0 0 99 0 0 0 
00:00:55.0620847
56 0 0 0 0 99 0 0 0 
00:00:55.0876205
56 0 0 0 0 99 0 0 0 
00:00:55.1240740
56 0 0 0 0 99 0 0 0 
00:00:55.1566203
56 0 0 0 0 99 0 0 0 
00:00:55.1871695
56 0 0 0 0 99 0 0 0 
00:00:55.2268167
56 0 0 0 0 99 0 0 0 
00:00:55.2593566
56 0 0 0 0 99 0 0 0 
00:00:55.2879042
56 0 0 0 0 99 0 0 0 
00:00:55.3220594
56 0 0 0 0 99 0 0 0 
00:00:55.3592604
56 0 0 0 0 99 0 0 0 
00:00:55.3893097
56 0 0 0 0 99 0 0 0 
00:00:55.4287433
56 0 0 0 0 99 0 0 0 
00:00:55.4669141
56 0 0 0 0 99 0 0 0 
00:00:55.5178984
56 0 0 0 0 99 0 0 0 
00:00:55.5529360
56 0 0 0 0 99 0 0 0 
00:00:55.5909908
56 0 0 0 0 99 0 0 0 
00:00:55.6250596
56 0 0 0 0 99 0 0 0 
00:00:55.6605550
56 0 0 0 0 99 0 0 0 
00:00:55.6919153
56 0 0 0 0 99 0 0 0 
00:00:55.7259627
67 0 0 0 0 0 0 0 0 
00:00:55.7527288
67 0 0 0 0 0 0 0 0 
00:00:55.7786646
67 0 0 0 0 0 0 0 0 
00:00:55.8139745
67 0 0 0 0 0 0 0 0 
00:00:55.8505355
67 0 0 0 0 0 0 0 0 
00:00:55.8911069
67 0 0 0 0 0 0 0 0 
00:00:55.9641479
67 0 0 0 0 0 0 0 0 
00:00:55.9931698
67 0 0 0 0 0 0 0 0 
00:00:56.0219460
67 0 0 0 0 0 0 0 0 
00:00:56.0564964
67 0 0 0 0 0 0 0 0 
00:00:56.0880380
67 0 0 0 0 0 0 0 0 
00:00:56.1273833
67 0 0 0 0 0 0 0 0 
00:00:56.1739647
67 0 0 0 0 0 0 0 0 
00:00:56.2040667
67 0 0 0 0 0 0 0 0 
00:00:56.2305994
67 0 0 0 0 0 0 0 0 
00:00:56.2596313
67 0 0 0 0 0 0 0 0 
00:00:56.2946846
67 0 0 0 0 0 0 0 0 
00:00:56.3292003
67 0 0 0 0 0 0 0 0 
00:00:56.3597363
67 0 0 0 0 0 0 0 0 
00:00:56.3913053
67 0 0 0 0 0 0 0 0 
00:00:56.4220635
67 0 0 0 0 0 99 0 0 
00:00:56.4595780
67 0 0 0 0 0 99 0 0 
00:00:56.4879139
67 0 0 0 0 0 99 0 0 
00:00:56.5254751
67 0 0 0 0 0 99 0 0 
00:00:56.5580205
67 0 0 0 0 0 99 0 0 
00:00:56.5860031
67 0 0 0 0 0 99 0 0 
00:00:56.6231715
10 0 0 0 0 0 99 0 0 
00:00:56.6596084
10 0 0 0 0 0 99 0 0 
00:00:56.6957219
10 0 0 0 0 0 99 0 0 
00:00:56.7290985
10 0 0 0 0 0 99 0 0 
00:00:56.7648466
10 0 0 0 0 0 99 0 0 
00:00:56.8088229
67 0 0 0 0 0 99 0 0 
00:00:56.8461371
67 0 0 0 0 0 99 0 0 
00:00:56.8906482
67 0 0 0 0 0 99 0 0 
00:00:56.9255579
67 0 0 0 0 0 99 0 0 
00:00:56.9606895
10 0 0 0 0 0 99 0 0 
00:00:56.9967472
3 0 0 0 0 0 99 0 0 
00:00:57.0287851
3 0 0 0 0 0 99 0 0 
00:00:57.0593151
3 0 0 0 0 0 99 0 0 
00:00:57.0884147
3 0 0 0 0 0 99 0 0 
00:00:57.1109620
3 0 0 0 0 0 99 0 0 
00:00:57.1324804
3 0 0 0 0 0 99 0 0 
00:00:57.1685348
3 0 0 0 0 0 99 0 0 
00:00:57.2266173
3 0 0 0 0 0 99 0 0 
00:00:57.2613420
3 0 0 0 0 0 99 0 0 
00:00:57.3604519
10 0 0 0 0 0 99 0 0 
00:00:57.3967921
10 0 0 0 0 0 99 0 0 
00:00:57.4277461
10 0 0 0 0 0 99 0 0 
00:00:57.4652907
10 0 0 0 0 0 99 0 0 
00:00:57.4953376
3 0 0 0 0 0 99 0 0 
00:00:57.5313974
3 0 0 0 0 0 99 0 0 
00:00:57.5735597
3 0 0 0 0 0 99 0 0 
00:00:57.6024404
3 0 0 0 0 0 99 0 0 
00:00:57.6279708
3 0 0 0 0 0 99 0 0 
00:00:57.6595078
3 0 0 0 0 0 99 0 0 
00:00:57.6932200
3 0 0 0 0 0 99 0 0 
00:00:57.7274363
3 0 0 0 0 0 99 0 0 
00:00:57.7619773
3 0 0 0 0 0 99 0 0 
00:00:57.7991994
3 0 0 0 0 0 99 0 0 
00:00:57.8380370
10 0 0 0 0 0 99 0 0 
00:00:57.8892282
10 0 0 0 0 0 99 0 0 
00:00:57.9246574
67 0 0 0 0 0 99 0 0 
00:00:57.9586975
67 0 0 0 0 0 99 0 0 
00:00:57.9904493
67 0 0 0 0 0 99 0 0 
00:00:58.0296658
67 0 0 0 0 0 99 0 0 
00:00:58.0667210
67 0 0 0 0 0 99 0 0 
00:00:58.0977687
67 0 0 0 0 0 99 0 0 
00:00:58.1317922
67 0 0 0 0 0 99 0 0 
00:00:58.1678590
67 0 0 0 0 0 99 0 0 
00:00:58.2006709
67 0 0 0 0 0 99 0 0 
00:00:58.2411060
67 0 0 0 0 0 99 0 0 
00:00:58.2689738
67 0 0 0 0 0 99 0 0 
00:00:58.3075093
67 0 0 0 0 0 99 0 0 
00:00:58.3324672
67 0 0 0 0 0 99 0 0 
00:00:58.3754288
67 0 0 0 0 0 99 0 0 
00:00:58.4125804
67 0 0 0 0 0 99 0 0 
00:00:58.4604201
67 0 0 0 0 0 99 0 0 
00:00:58.4940630
67 0 0 0 0 0 99 0 0 
00:00:58.5279239
67 0 0 0 0 0 99 0 0 
00:00:58.5869951
67 0 0 0 0 0 99 0 0 
00:00:58.6235917
67 0 0 0 0 0 99 0 0 
00:00:58.6879262
67 0 0 0 0 0 99 0 0 
00:00:58.7300472
67 0 0 0 0 0 99 0 0 
00:00:58.7619243
67 0 0 0 0 0 99 0 0 
00:00:58.7973963
67 0 0 0 0 0 99 0 0 
00:00:58.8333784
67 0 0 0 0 0 99 0 0 
00:00:58.8744191
67 0 0 0 0 0 99 0 0 
00:00:58.9014623
67 0 0 0 0 0 99 0 0 
00:00:58.9304960
67 0 0 0 0 0 99 0 0 
00:00:58.9703064
67 0 0 0 0 0 99 0 0 
00:00:59.0031002
67 0 0 0 0 0 99 0 0 
00:00:59.0386475
67 0 0 0 0 0 99 0 0 
00:00:59.0666882
24 0 0 0 0 0 99 0 0 
00:00:59.0965504
24 0 0 0 0 0 99 0 0 
00:00:59.1274210
67 0 0 0 0 0 99 0 0 
00:00:59.1628324
10 0 0 0 0 0 99 0 0 
00:00:59.1888712
10 0 0 0 0 0 99 0 0 
00:00:59.2235429
67 0 0 0 0 0 99 0 0 
00:00:59.2580842
67 0 0 0 0 0 99 0 0 
00:00:59.2938537
67 0 0 0 0 0 99 0 0 
00:00:59.3284046
67 0 0 0 0 0 99 0 0 
00:00:59.3626598
67 0 0 0 0 0 99 0 0 
00:00:59.3965385
67 0 0 0 0 0 99 0 0 
00:00:59.4394311
67 0 0 0 0 0 99 0 0 
00:00:59.4629599
67 0 0 0 0 0 99 0 0 
00:00:59.5107512
67 0 0 0 0 0 99 0 0 
00:00:59.5625478
67 0 0 0 0 0 99 0 0 
00:00:59.6076829
67 0 0 0 0 0 99 0 0 
00:00:59.6287294
67 0 0 0 0 0 99 0 0 
00:00:59.6640523
67 0 0 0 0 0 99 0 0 
00:00:59.6910636
67 0 0 0 0 0 99 0 0 
00:00:59.7306661
67 0 0 0 0 0 99 0 0 
00:00:59.7622156
67 0 0 0 0 0 99 0 0 
00:00:59.7949230
67 0 0 0 0 0 99 0 0 
00:00:59.8279825
67 0 0 0 0 0 99 0 0 
00:00:59.8626708
67 0 0 0 0 0 99 0 0 
00:00:59.9090848
67 0 0 0 0 0 99 0 0 
00:00:59.9474829
67 0 0 0 0 0 99 0 0 
00:00:59.9907544
67 0 0 0 0 0 99 0 0 
00:01:00.0261122
67 0 0 0 0 0 99 0 0 
00:01:00.0501349
67 0 0 0 0 0 99 0 0 
00:01:00.0882970
67 0 0 0 0 0 99 0 0 
00:01:00.1226118
67 0 0 0 0 0 99 0 0 
00:01:00.1671768
67 0 0 0 0 0 99 0 0 
00:01:00.2610526
67 0 0 0 0 0 99 0 0 
00:01:00.2940913
67 0 0 0 0 0 99 0 0 
00:01:00.3267993
67 0 0 0 0 0 99 0 0 
00:01:00.3608473
67 0 0 0 0 0 99 0 0 
00:01:00.3873843
67 0 0 0 0 0 99 0 0 
00:01:00.4244398
67 0 0 0 0 0 99 0 0 
00:01:00.4464675
67 0 0 0 0 0 99 0 0 
00:01:00.4845356
67 0 0 0 0 0 99 0 0 
00:01:00.5078171
67 0 0 0 0 0 99 0 0 
00:01:00.5293578
67 0 0 0 0 0 99 0 0 
00:01:00.5644202
67 0 0 0 0 0 99 0 0 
00:01:00.5937870
67 0 0 0 0 0 99 0 0 
00:01:00.6266989
67 0 0 0 0 0 99 0 0 
00:01:00.6551709
67 0 0 0 0 0 99 0 0 
00:01:00.6838405
67 0 0 0 0 0 99 0 0 
00:01:00.7143903
67 0 0 0 0 0 99 0 0 
00:01:00.7559171
67 0 0 0 0 0 99 0 0 
00:01:00.7877908
67 0 0 0 0 0 99 0 0 
00:01:00.8133327
67 0 0 0 0 0 99 0 0 
00:01:00.8548941
67 0 0 0 0 0 99 0 0 
00:01:00.8891984
67 0 0 0 0 0 99 0 0 
00:01:00.9242676
67 0 0 0 0 0 99 0 0 
00:01:00.9586831
67 0 0 0 0 0 99 0 0 
00:01:00.9879234
67 0 0 0 0 0 99 0 0 
00:01:01.0254852
67 0 0 0 0 0 99 0 0 
00:01:01.0630244
67 0 0 0 0 0 99 0 0 
00:01:01.1013677
67 0 0 0 0 0 99 0 0 
00:01:01.1381967
67 0 0 0 0 0 99 0 0 
00:01:01.1677292
67 0 0 0 0 0 99 0 0 
00:01:01.2222891
67 0 0 0 0 0 99 0 0 
00:01:01.2582607
67 0 0 0 0 0 99 0 0 
00:01:01.2873049
67 0 0 0 0 0 99 0 0 
00:01:01.3232873
67 0 0 0 0 0 99 0 0 
00:01:01.3625797
67 0 0 0 0 0 99 0 0 
00:01:01.4615381
67 0 0 0 0 0 99 0 0 
00:01:01.4999188
67 0 0 0 0 0 99 0 0 
00:01:01.5292033
67 0 0 0 0 0 99 0 0 
00:01:01.5653881
67 0 0 0 0 0 99 0 0 
00:01:01.6071634
67 0 0 0 0 0 99 0 0 
00:01:01.6469617
67 0 0 0 0 0 99 0 0 
00:01:01.6776718
67 0 0 0 0 0 99 0 0 
00:01:01.7249179
67 0 0 0 0 0 99 0 0 
00:01:01.7602540
67 0 0 0 0 0 99 0 0 
00:01:01.7973125
67 0 0 0 0 0 99 0 0 
00:01:01.8277952
67 0 0 0 0 0 99 0 0 
00:01:01.8678513
67 0 0 0 0 0 99 0 0 
00:01:01.9117731
67 0 0 0 0 0 99 0 0 
00:01:01.9418416
67 0 0 0 0 0 99 0 0 
00:01:01.9756905
67 0 0 0 0 0 99 0 0 
00:01:02.0245678
67 0 0 0 0 0 99 0 0 
00:01:02.0636285
67 0 0 0 0 0 99 0 0 
00:01:02.0988436
67 0 0 0 0 0 99 0 0 
00:01:02.1271653
67 0 0 0 0 0 99 0 0 
00:01:02.1594152
67 0 0 0 0 0 99 0 0 
00:01:02.1902915
67 0 0 0 0 0 99 0 0 
00:01:02.2334943
67 0 0 0 0 0 99 0 0 
00:01:02.2646787
67 0 0 0 0 0 99 0 0 
00:01:02.2977319
67 0 0 0 0 0 99 0 0 
00:01:02.3407342
67 0 0 0 0 0 99 0 0 
00:01:02.3902981
67 0 0 0 0 0 99 0 0 
00:01:02.4231778
67 0 0 0 0 0 99 0 0 
00:01:02.4570258
67 0 0 0 0 0 99 0 0 
00:01:02.4880810
67 0 0 0 0 0 99 0 0 
00:01:02.5230367
67 0 0 0 0 0 99 0 0 
00:01:02.5555683
67 0 0 0 0 0 99 0 0 
00:01:02.5871755
67 0 0 0 0 0 99 0 0 
00:01:02.6279126
67 0 0 0 0 0 99 0 0 
00:01:02.6664641
67 0 0 0 0 0 99 0 0 
00:01:02.6908076
67 0 0 0 0 0 99 0 0 
00:01:02.7295644
67 0 0 0 0 0 99 0 0 
00:01:02.7645689
67 0 0 0 0 0 99 0 0 
00:01:02.8234317
67 0 0 0 0 0 99 0 0 
00:01:02.8544670
67 0 0 0 0 0 99 0 0 
00:01:02.8870471
67 0 0 0 0 0 99 0 0 
00:01:02.9139238
67 0 0 0 0 0 99 0 0 
00:01:02.9617870
67 0 0 0 0 0 99 0 0 
00:01:03.0552275
67 0 0 0 0 0 99 0 0 
00:01:03.2115801
67 0 0 0 0 0 99 0 0 
00:01:03.3779505
67 0 0 0 0 0 99 0 0 
00:01:03.4984258
67 0 0 0 0 0 99 0 0 
00:01:03.5244197
67 0 0 0 0 0 99 0 0 
00:01:03.5561011
67 0 0 0 0 0 99 0 0 
00:01:03.5872144
67 0 0 0 0 0 99 0 0 
00:01:03.6140917
67 0 0 0 0 0 99 0 0 
00:01:03.6436331
67 0 0 0 0 0 99 0 0 
00:01:03.6870709
67 0 0 0 0 0 99 0 0 
00:01:03.7284853
67 0 0 0 0 0 99 0 0 
00:01:03.7600504
67 0 0 0 0 0 99 0 0 
00:01:03.7976703
67 0 0 0 0 0 99 0 0 
00:01:03.8320363
67 0 0 0 0 0 0 0 0 
00:01:03.8714916
67 0 0 0 0 0 0 0 0 
00:01:03.9015403
67 0 0 0 0 0 0 0 0 
00:01:03.9414404
67 0 0 0 0 0 0 0 0 
00:01:03.9639618
67 0 0 0 0 0 0 0 0 
00:01:03.9979299
67 0 0 0 0 0 0 0 0 
00:01:04.0246690
67 0 0 0 0 0 0 0 0 
00:01:04.0592130
67 0 0 0 0 0 0 0 0 
00:01:04.0917240
67 0 0 0 0 0 0 0 0 
00:01:04.1685029
67 0 0 0 0 0 0 0 0 
00:01:04.1950392
67 0 0 0 0 0 0 0 0 
00:01:04.2320746
67 0 0 0 0 0 0 0 0 
00:01:04.2779296
67 0 0 0 0 0 0 0 0 
00:01:04.3255112
67 0 0 0 0 0 0 0 0 
00:01:04.3542287
67 0 0 0 0 0 0 0 0 
00:01:04.3917004
67 0 0 0 0 0 0 0 0 
00:01:04.4247440
67 0 0 0 0 0 0 0 0 
00:01:04.4584233
67 0 0 0 0 0 0 0 0 
00:01:04.4862860
67 0 0 0 0 0 0 0 0 
00:01:04.5082902
67 0 0 0 0 0 0 0 0 
00:01:04.5315477
67 0 0 0 0 0 0 0 0 
00:01:04.5647843
67 0 0 0 0 0 0 0 0 
00:01:04.5898175
10 0 0 0 0 0 0 0 0 
00:01:04.6222352
13 0 0 0 0 0 0 0 0 
00:01:04.6602129
13 0 0 0 0 0 0 0 0 
00:01:04.6862508
10 0 0 0 0 0 0 0 0 
00:01:04.7577362
3 0 0 0 0 0 0 0 0 
00:01:04.8062978
3 0 0 0 0 0 0 0 0 
00:01:04.8288339
3 0 0 0 0 0 99 0 0 
00:01:04.8597536
3 0 0 0 0 0 99 0 0 
00:01:04.8895568
1 0 0 0 0 0 99 0 0 
00:01:04.9257238
1 0 0 0 0 0 99 0 0 
00:01:04.9552521
1 0 0 0 0 0 0 0 0 
00:01:04.9857983
1 0 0 0 0 0 0 0 0 
00:01:05.0137086
1 0 0 0 0 0 0 0 0 
00:01:05.0511134
1 0 0 0 0 0 0 0 0 
00:01:05.0948280
1 0 0 0 0 0 0 0 0 
00:01:05.1270463
1 0 0 0 0 0 0 0 0 
00:01:05.1644732
3 0 0 0 0 0 43 0 0 
00:01:05.1960211
3 0 0 0 0 0 43 0 0 
00:01:05.2270696
3 0 0 0 0 0 43 0 0 
00:01:05.2586130
3 0 0 0 0 0 43 0 0 
00:01:05.2904103
3 0 0 0 0 0 43 0 0 
00:01:05.3169093
3 0 0 0 0 0 43 0 0 
00:01:05.3564733
3 0 0 0 0 0 43 0 0 
00:01:05.3870132
1 0 0 0 0 0 0 0 0 
00:01:05.4235676
1 0 0 0 0 0 0 0 0 
00:01:05.4584320
1 0 0 0 0 0 0 0 0 
00:01:05.5538703
3 0 0 0 0 0 0 0 0 
00:01:05.5856850
3 0 0 0 0 0 0 0 0 
00:01:05.6070471
3 0 0 0 0 0 0 0 0 
00:01:05.6285454
10 0 0 0 0 0 0 0 0 
00:01:05.6665930
24 0 0 0 0 0 0 0 0 
00:01:05.6957932
24 0 0 0 0 0 0 0 0 
00:01:05.7296677
67 0 0 0 0 0 0 0 0 
00:01:05.7627134
67 0 0 0 0 0 0 0 0 
00:01:05.8083389
67 0 0 0 0 0 0 0 0 
00:01:05.8291616
67 0 0 0 0 0 0 0 0 
00:01:05.8637044
67 0 0 0 0 0 0 0 0 
00:01:05.8905654
67 0 0 0 0 0 0 0 0 
00:01:05.9268885
67 0 0 0 0 0 0 0 0 
00:01:05.9639398
67 0 0 0 0 0 0 0 0 
00:01:05.9899686
67 0 0 0 0 0 0 0 0 
00:01:06.0272778
67 0 0 0 0 0 0 0 0 
00:01:06.0638159
67 0 0 0 0 0 0 0 0 
00:01:06.0946726
67 0 0 0 0 0 0 0 0 
00:01:06.1270650
24 0 0 0 0 0 0 0 0 
00:01:06.1636242
10 0 0 0 0 0 0 0 0 
00:01:06.1951618
67 0 0 0 0 0 0 0 0 
00:01:06.2286951
67 0 0 0 0 0 0 0 0 
00:01:06.2635755
67 0 0 0 0 0 0 0 0 
00:01:06.2957155
67 0 0 0 0 0 0 0 0 
00:01:06.3282950
67 0 0 0 0 0 0 0 0 
00:01:06.3652071
67 0 0 0 0 0 0 0 0 
00:01:06.4078663
67 0 0 0 0 0 0 0 0 
00:01:06.4388068
10 0 0 0 0 0 0 0 0 
00:01:06.4905582
10 0 0 0 0 0 0 0 0 
00:01:06.5309393
10 0 0 0 0 0 0 0 0 
00:01:06.5604757
3 0 0 0 0 0 0 0 0 
00:01:06.5932978
3 0 0 0 0 0 0 0 0 
00:01:06.6295974
3 0 0 0 0 0 0 0 0 
00:01:06.6658054
10 0 0 0 0 0 0 0 0 
00:01:06.7068618
10 0 0 0 0 0 0 0 0 
00:01:06.7330499
67 0 0 0 0 0 0 0 0 
00:01:06.7604233
67 0 0 0 0 0 0 0 0 
00:01:06.7931593
67 0 0 0 0 0 0 0 0 
00:01:06.8211268
67 0 0 0 0 0 0 0 0 
00:01:06.8526618
67 0 0 0 0 0 0 0 0 
00:01:06.8827225
67 0 0 0 0 0 0 0 0 
00:01:06.9249146
67 0 0 0 0 0 0 0 0 
00:01:06.9584596
67 0 0 0 0 0 0 0 0 
00:01:06.9885865
67 0 0 0 0 0 0 0 0 
00:01:07.0176651
67 0 0 0 0 0 0 0 0 
00:01:07.0549303
10 0 0 0 0 0 0 0 0 
00:01:07.0933775
10 0 0 0 0 0 0 0 0 
00:01:07.1335023
3 0 0 0 0 0 0 0 0 
00:01:07.1740256
3 0 0 0 0 0 0 0 0 
00:01:07.1967963
3 0 0 0 0 0 0 0 0 
00:01:07.2303492
3 0 0 0 0 0 0 0 0 
00:01:07.2556781
1 0 0 0 0 0 0 0 0 
00:01:07.2927140
1 0 0 0 0 0 0 0 0 
00:01:07.3356795
1 0 0 0 0 0 0 0 0 
00:01:07.4034511
1 0 0 0 0 0 0 0 0 
00:01:07.4298905
1 0 0 0 0 0 0 0 0 
00:01:07.4813859
1 0 0 0 0 0 0 0 0 
00:01:07.5159073
1 0 0 0 0 0 0 0 0 
00:01:07.5479157
1 0 0 0 0 0 0 0 0 
00:01:07.5858254
1 0 0 0 0 0 0 0 0 
00:01:07.6247940
1 0 0 0 0 0 0 0 0 
00:01:07.6598403
1 0 0 0 0 0 0 0 0 
00:01:07.6940783
1 0 0 0 0 0 0 0 0 
00:01:07.7273128
1 0 0 0 0 0 0 0 0 
00:01:07.7622243
1 0 0 0 0 0 0 0 0 
00:01:07.7971731
1 0 0 0 0 0 0 0 0 
00:01:07.8377207
1 0 0 0 0 0 0 0 0 
00:01:07.8661711
1 0 0 0 0 0 0 0 0 
00:01:07.9089628
1 0 0 0 0 0 0 0 0 
00:01:07.9390012
61 0 0 0 0 0 0 0 0 
00:01:07.9783911
61 0 0 0 0 0 0 0 0 
00:01:08.0165559
61 0 0 0 0 0 0 0 0 
00:01:08.0436401
61 0 0 0 0 0 0 0 0 
00:01:08.0786789
61 0 0 0 0 0 0 0 0 
00:01:08.1152462
67 0 0 0 0 0 0 0 0 
00:01:08.1593703
67 0 0 0 0 0 0 0 0 
00:01:08.1939171
67 0 0 0 0 0 0 0 0 
00:01:08.2249644
67 0 0 0 0 0 0 0 0 
00:01:08.2580266
67 0 0 0 0 0 0 0 0 
00:01:08.2942163
67 0 0 0 0 0 0 0 0 
00:01:08.3277724
24 0 0 0 0 0 0 0 0 
00:01:08.3589297
10 0 0 0 0 0 0 0 0 
00:01:08.3914601
10 0 0 0 0 0 0 0 0 
00:01:08.4572851
1 0 0 0 0 0 0 0 0 
00:01:08.4981569
1 0 0 0 0 0 0 0 0 
00:01:08.5388925
1 0 0 0 0 0 0 0 0 
00:01:08.5641771
1 0 0 0 0 0 0 0 0 
00:01:08.6051497
1 0 0 0 0 0 0 0 0 
00:01:08.6316858
1 0 0 0 0 0 99 0 0 
00:01:08.6577264
3 0 0 0 0 0 43 0 0 
00:01:08.6920382
3 0 0 0 0 0 43 0 0 
00:01:08.7215182
1 0 0 0 0 0 99 0 0 
00:01:08.7430391
1 0 0 0 0 0 99 0 0 
00:01:08.7793597
1 0 0 0 0 0 99 0 0 
00:01:08.8162972
1 0 0 0 0 0 99 0 0 
00:01:08.8573613
1 0 0 0 0 0 0 0 0 
00:01:08.8949123
1 0 0 0 0 0 0 0 0 
00:01:08.9303011
1 0 0 0 0 0 0 0 0 
00:01:08.9594396
1 0 0 0 0 0 0 0 0 
00:01:08.9859383
1 0 0 0 0 0 0 0 0 
00:01:09.0255008
1 0 0 0 0 0 0 0 0 
00:01:09.0640252
1 0 0 0 0 0 0 0 0 
00:01:09.1020682
1 0 0 0 0 0 0 0 0 
00:01:09.1262967
1 0 0 0 0 0 0 0 0 
00:01:09.1608515
1 0 0 0 0 0 0 0 0 
00:01:09.1953970
1 0 0 0 0 0 99 0 0 
00:01:09.2410376
1 0 0 0 0 0 99 0 0 
00:01:09.2665403
1 0 0 0 0 0 99 0 0 
00:01:09.3055947
1 0 0 0 0 0 99 0 0 
00:01:09.3346462
1 0 0 0 0 0 99 0 0 
00:01:09.3623068
1 0 0 0 0 0 99 0 0 
00:01:09.3943517
1 0 0 0 0 0 99 0 0 
00:01:09.4292709
1 0 0 0 0 0 99 0 0 
00:01:09.4854656
1 0 0 0 0 0 0 0 0 
00:01:09.5083755
1 0 0 0 0 0 0 0 0 
00:01:09.5412928
1 0 0 0 0 0 0 0 0 
00:01:09.5878541
1 0 0 0 0 0 0 0 0 
00:01:09.6259131
1 0 0 0 0 0 0 0 0 
00:01:09.6555946
1 0 0 0 0 0 0 0 0 
00:01:09.6926460
1 0 0 0 0 0 0 0 0 
00:01:09.7176894
1 0 0 0 0 0 0 0 0 
00:01:09.7631862
1 0 0 0 0 0 0 0 0 
00:01:09.7902150
1 0 0 0 0 0 0 0 0 
00:01:09.8256397
1 0 0 0 0 0 0 0 0 
00:01:09.8626169
1 0 0 0 0 0 0 0 0 
00:01:09.8941530
1 0 0 0 0 0 0 0 0 
00:01:09.9287808
1 0 0 0 0 0 0 0 0 
00:01:09.9633332
1 0 0 0 0 0 0 0 0 
00:01:10.0013796
1 0 0 0 0 0 0 0 0 
00:01:10.0276515
1 0 0 0 0 0 0 0 0 
00:01:10.0567358
1 0 0 0 0 0 0 0 0 
00:01:10.0959712
1 0 0 0 0 0 0 0 0 
00:01:10.1240174
1 0 0 0 0 0 0 0 0 
00:01:10.1559716
1 0 0 0 0 0 0 0 0 
00:01:10.1933334
1 0 0 0 0 0 0 0 0 
00:01:10.2261535
1 0 0 0 0 0 0 0 0 
00:01:10.2571421
1 0 0 0 0 0 0 0 0 
00:01:10.2917921
1 0 0 0 0 0 0 0 0 
00:01:10.3293521
1 0 0 0 0 0 0 0 0 
00:01:10.3789242
1 0 0 0 0 0 0 0 0 
00:01:10.4831869
1 0 0 0 0 0 0 0 0 
00:01:10.5588074
3 0 0 0 0 0 0 0 0 
00:01:10.6063761
3 0 0 0 0 0 0 0 0 
00:01:10.6454592
3 0 0 0 0 0 0 0 0 
00:01:10.6915120
10 0 0 0 0 0 0 0 0 
00:01:10.7220977
24 0 0 0 0 0 0 0 0 
00:01:10.7586557
67 0 0 0 0 0 0 0 0 
00:01:10.7895922
67 0 0 0 0 0 0 0 0 
00:01:10.8197899
67 0 0 0 0 0 0 0 0 
00:01:10.8573463
67 0 0 0 0 0 0 0 0 
00:01:10.8888800
67 0 0 0 0 0 0 0 0 
00:01:10.9409661
10 0 0 0 0 0 0 0 0 
00:01:10.9788086
3 0 0 0 0 0 0 0 0 
00:01:11.0155611
3 0 0 0 0 0 0 0 0 
00:01:11.0546270
3 0 0 0 0 0 0 0 0 
00:01:11.0851162
3 0 0 0 0 0 0 0 0 
00:01:11.1239180
3 0 0 0 0 0 0 0 0 
00:01:11.1554569
10 0 0 0 0 0 0 0 0 
00:01:11.1888127
10 0 0 0 0 0 0 0 0 
00:01:11.2267396
3 0 0 0 0 0 0 0 0 
00:01:11.2570379
3 0 0 0 0 0 0 0 0 
00:01:11.2885750
3 0 0 0 0 0 0 0 0 
00:01:11.3271454
3 0 0 0 0 0 0 0 0 
00:01:11.3632197
3 0 0 0 0 0 0 0 0 
00:01:11.3972586
3 0 0 0 0 0 0 0 0 
00:01:11.4376457
3 0 0 0 0 0 0 0 0 
00:01:11.4641857
3 0 0 0 0 0 0 0 0 
00:01:11.5072410
3 0 0 0 0 0 0 0 0 
00:01:11.5292816
3 0 0 0 0 0 0 0 0 
00:01:11.5663549
3 0 0 0 0 0 0 0 0 
00:01:11.5963894
3 0 0 0 0 0 0 0 0 
00:01:11.6554907
3 0 0 0 0 0 0 0 0 
00:01:11.6864679
3 0 0 0 0 0 0 0 0 
00:01:11.7245267
3 0 0 0 0 0 0 0 0 
00:01:11.7570898
3 0 0 0 0 0 0 0 0 
00:01:11.7950344
3 0 0 0 0 0 0 0 0 
00:01:11.8272278
3 0 0 0 0 0 0 0 0 
00:01:11.8647043
3 0 0 0 0 0 0 0 0 
00:01:11.8989478
3 0 0 0 0 0 0 0 0 
00:01:11.9483545
3 0 0 0 0 0 0 0 0 
00:01:11.9876095
0 0 0 0 0 0 0 0 0 
00:01:12.0279265
0 0 0 0 0 0 0 0 0 
00:01:12.0674845
3 0 0 0 0 0 0 0 0 
00:01:12.0950168
3 0 0 0 0 0 0 0 0 
00:01:12.1255157
10 0 0 0 0 0 0 0 0 
00:01:12.1593056
10 0 0 0 0 0 0 0 0 
00:01:12.1938487
10 0 0 0 0 0 0 0 0 
00:01:12.2239025
10 0 0 0 0 0 0 0 0 
00:01:12.2583143
10 0 0 0 0 0 0 0 0 
00:01:12.2942756
3 0 0 0 0 0 0 0 0 
00:01:12.3507787
3 0 0 0 0 0 0 0 0 
00:01:12.3918396
0 0 0 0 0 0 0 0 0 
00:01:12.4229589
3 0 0 0 0 0 0 0 0 
00:01:12.4594253
0 0 0 0 0 0 0 0 0 
00:01:12.4879289
0 0 0 0 0 0 0 0 0 
00:01:12.5245532
10 0 0 0 0 0 0 0 0 
00:01:12.5545524
63 0 0 0 0 0 0 0 0 
00:01:12.5875686
67 0 0 0 0 0 0 0 0 
00:01:12.6155837
67 0 0 0 0 0 0 0 0 
00:01:12.6616703
67 0 0 0 0 0 0 0 0 
00:01:12.6941536
67 0 0 0 0 0 0 0 0 
00:01:12.7274098
67 0 0 0 0 0 0 0 0 
00:01:12.7637793
67 0 0 0 0 0 0 0 0 
00:01:12.8076637
67 0 0 0 0 0 0 0 0 
00:01:12.8285346
67 0 0 0 0 0 0 0 0 
00:01:12.8555341
67 0 0 0 0 0 0 0 0 
00:01:12.8850614
103 0 0 0 0 0 0 0 0 
00:01:12.9289494
103 0 0 0 0 0 0 0 0 
00:01:12.9840114
103 0 0 0 0 0 0 0 0 
00:01:13.0250602
103 0 0 0 0 0 0 0 0 
00:01:13.0616751
103 0 0 0 0 0 0 0 0 
00:01:13.1048388
103 0 0 0 0 0 0 0 0 
00:01:13.1491975
103 0 0 0 0 0 0 0 0 
00:01:13.1858910
103 0 0 0 0 0 0 0 0 
00:01:13.2242302
103 0 0 0 0 0 0 99 0 
00:01:13.2591675
50 0 0 0 0 0 0 99 0 
00:01:13.2921948
4 0 0 0 0 0 0 99 0 
00:01:13.3261904
4 0 0 0 0 0 0 99 0 
00:01:13.3567233
4 0 0 0 0 0 0 99 0 
00:01:13.3909213
4 0 0 0 0 0 0 0 0 
00:01:13.4285526
1 0 0 0 0 0 0 99 0 
00:01:13.4667198
0 0 0 0 0 0 0 99 0 
00:01:13.5057613
0 0 0 0 0 0 0 99 0 
00:01:13.5294226
0 0 0 0 0 0 0 99 0 
00:01:13.5648990
0 0 0 0 0 0 0 99 0 
00:01:13.6002809
0 0 0 0 0 0 0 99 0 
00:01:13.6384580
0 0 0 0 0 0 0 99 0 
00:01:13.7226931
0 0 0 0 0 0 0 0 0 
00:01:13.7636639
0 0 0 0 0 0 0 0 0 
00:01:13.8100969
0 0 0 0 0 0 0 0 0 
00:01:13.8371621
0 0 0 0 0 0 0 0 0 
00:01:13.8680962
8 0 0 0 0 0 0 0 0 
00:01:13.8931263
8 0 0 0 0 0 0 0 0 
00:01:13.9274092
8 0 0 0 0 0 0 0 0 
00:01:13.9539555
8 0 0 0 0 0 0 0 0 
00:01:13.9841096
8 0 0 0 0 0 0 0 0 
00:01:14.0276786
8 0 0 0 0 0 0 0 0 
00:01:14.0737363
8 0 0 0 0 0 0 0 0 
00:01:14.1029043
8 0 0 0 0 0 0 0 0 
00:01:14.1329003
0 0 0 0 0 0 0 0 0 
00:01:14.1617891
0 0 0 0 0 0 0 0 0 
00:01:14.1920871
0 0 0 0 0 0 0 0 0 
00:01:14.2276286
0 0 0 0 0 0 0 0 0 
00:01:14.2593597
0 0 0 0 0 0 0 0 0 
00:01:14.2887897
0 0 0 0 0 0 0 0 0 
00:01:14.3114294
0 0 0 0 0 0 0 0 0 
00:01:14.3554984
0 0 0 0 0 0 0 0 0 
00:01:14.3850402
0 0 0 0 0 0 0 0 0 
00:01:14.4247286
0 0 0 0 0 0 43 0 0 
00:01:14.4578471
0 0 0 0 0 0 43 0 0 
00:01:14.5012316
0 0 0 0 0 0 43 99 0 
00:01:14.5281616
0 0 0 0 0 0 43 99 0 
00:01:14.5716641
0 0 0 0 0 0 43 99 0 
00:01:14.6015275
0 0 0 0 0 0 43 99 0 
00:01:14.6256631
0 0 0 0 0 0 43 99 0 
00:01:14.6622624
0 0 0 0 0 0 43 99 0 
00:01:14.6947924
0 0 0 0 0 0 43 99 0 
00:01:14.7400466
0 0 0 0 0 0 43 99 0 
00:01:14.7739036
0 0 0 0 0 0 43 99 0 
00:01:14.8114247
0 0 0 0 0 0 43 99 0 
00:01:14.8534147
0 0 0 0 0 0 43 99 0 
00:01:14.8900588
0 0 0 0 0 0 43 99 0 
00:01:14.9272098
0 0 0 0 0 0 43 99 0 
00:01:14.9586894
0 0 0 0 0 0 43 99 0 
00:01:14.9861609
0 0 0 0 0 0 43 99 0 
00:01:15.0249003
0 0 0 0 0 0 43 99 0 
00:01:15.0881569
0 0 0 0 0 0 43 99 0 
00:01:15.1274116
0 0 0 0 0 0 43 0 0 
00:01:15.1620478
0 0 0 0 0 0 43 0 0 
00:01:15.2011013
0 0 0 0 0 0 43 0 0 
00:01:15.2386966
0 0 0 0 0 0 43 99 0 
00:01:15.2677881
0 0 0 0 0 0 43 99 0 
00:01:15.3089571
0 0 0 0 0 0 43 99 0 
00:01:15.3568456
0 0 0 0 0 0 43 99 0 
00:01:15.3879231
0 0 0 0 0 0 43 99 0 
00:01:15.4242768
0 0 0 0 0 0 43 99 0 
00:01:15.4583287
0 0 0 0 0 0 43 99 0 
00:01:15.4865628
0 0 0 0 0 0 43 99 0 
00:01:15.5100847
0 0 0 0 0 0 43 99 0 
00:01:15.5576440
0 0 0 0 0 0 43 99 0 
00:01:15.5887877
0 0 0 0 0 0 43 99 0 
00:01:15.6247840
0 0 0 0 0 0 43 99 0 
00:01:15.6538279
0 0 0 0 0 0 43 99 0 
00:01:15.6874094
0 0 0 0 0 0 43 99 0 
00:01:15.7114156
0 0 0 0 0 0 43 99 0 
00:01:15.7553274
0 0 0 0 0 0 43 99 0 
00:01:15.7879110
0 0 0 0 0 0 43 99 0 
00:01:15.8245488
0 0 0 0 0 0 43 99 0 
00:01:15.8622829
0 0 0 0 0 0 43 99 0 
00:01:15.8999835
0 0 0 0 0 0 43 99 0 
00:01:15.9385494
0 0 0 0 0 0 43 99 0 
00:01:15.9943077
0 0 0 0 0 0 43 99 0 
00:01:16.0311614
0 0 0 0 0 0 43 99 0 
00:01:16.0650940
0 0 0 0 0 0 43 99 0 
00:01:16.0964233
0 0 0 0 0 0 43 99 0 
00:01:16.1309773
0 0 0 0 0 0 43 99 0 
00:01:16.1670205
0 0 0 0 0 0 43 99 0 
00:01:16.1984684
0 0 0 0 0 0 43 99 0 
00:01:16.2417173
0 0 0 0 0 0 43 99 0 
00:01:16.2736700
0 0 0 0 0 0 43 99 0 
00:01:16.2975675
0 0 0 0 0 0 43 99 0 
00:01:16.3294172
0 0 0 0 0 0 43 99 0 
00:01:16.3638555
0 0 0 0 0 0 43 99 0 
00:01:16.3906613
0 0 0 0 0 0 43 99 0 
00:01:16.4560762
0 0 0 0 0 0 43 99 0 
00:01:16.4879286
0 0 0 0 0 0 43 99 0 
00:01:16.5281591
0 0 0 0 0 0 43 99 0 
00:01:16.5744081
0 0 0 0 0 0 43 99 0 
00:01:16.6041769
0 0 0 0 0 0 43 99 0 
00:01:16.6342241
0 0 0 0 0 0 43 99 0 
00:01:16.6616835
0 0 0 0 0 0 43 99 0 
00:01:16.6980228
0 0 0 0 0 0 43 99 0 
00:01:16.7307095
0 0 0 0 0 0 43 99 0 
00:01:16.7636582
0 0 0 0 0 0 43 99 0 
00:01:16.8095451
0 0 0 0 0 0 43 99 0 
00:01:16.8414153
0 0 0 0 0 0 43 99 0 
00:01:16.8796662
0 0 0 0 0 0 43 99 0 
00:01:16.9216592
0 0 0 0 0 0 43 99 0 
00:01:16.9560559
0 0 0 0 0 0 43 99 0 
00:01:16.9884227
0 0 0 0 0 0 43 99 0 
00:01:17.0276666
0 0 0 0 0 0 43 99 0 
00:01:17.0629572
0 0 0 0 0 0 43 99 0 
00:01:17.0989303
0 0 0 0 0 0 43 99 0 
00:01:17.1331686
0 0 0 0 0 0 43 99 0 
00:01:17.1665293
0 0 0 0 0 0 43 99 0 
00:01:17.2080871
0 0 0 0 0 0 43 99 0 
00:01:17.2339181
0 0 0 0 0 0 43 99 0 
00:01:17.2631557
0 0 0 0 0 0 43 0 0 
00:01:17.2982147
0 0 0 0 0 0 43 0 0 
00:01:17.3322600
0 0 0 0 0 0 43 0 0 
00:01:17.3752782
0 0 0 0 0 0 43 0 0 
00:01:17.3968050
0 0 0 0 0 0 43 0 0 
00:01:17.4253969
0 0 0 0 0 0 43 0 0 
00:01:17.4559341
0 0 0 0 0 0 43 0 0 
00:01:17.4899058
0 0 0 0 0 0 43 0 0 
00:01:17.5168979
0 0 0 0 0 0 43 99 0 
00:01:17.5542844
0 0 0 0 0 0 43 99 0 
00:01:17.5846586
0 0 0 0 0 0 43 99 0 
00:01:17.6352128
0 0 0 0 0 0 43 99 0 
00:01:17.6631560
0 0 0 0 0 0 43 99 0 
00:01:17.7087029
0 0 0 0 0 0 43 99 0 
00:01:17.7617924
0 0 0 0 0 0 43 99 0 
00:01:17.8097309
0 0 0 0 0 0 43 99 0 
00:01:17.8592136
0 0 0 0 0 0 43 99 0 
00:01:17.8923300
0 0 0 0 0 0 43 99 0 
00:01:17.9283754
0 0 0 0 0 0 43 99 0 
00:01:17.9664182
0 0 0 0 0 0 0 99 0 
00:01:18.0004619
0 0 0 0 0 0 0 99 0 
00:01:18.0283002
0 0 0 0 0 0 0 99 0 
00:01:18.0658009
0 0 0 0 0 0 43 99 0 
00:01:18.1074539
0 0 0 0 0 0 43 99 0 
00:01:18.1284953
0 0 0 0 0 0 43 99 0 
00:01:18.1640539
0 0 0 0 0 0 43 99 0 
00:01:18.1995951
0 0 0 0 0 0 43 99 0 
00:01:18.2389107
0 0 0 0 0 0 43 99 0 
00:01:18.2628298
0 0 0 0 0 0 43 99 0 
00:01:18.3067238
0 0 0 0 0 0 43 99 0 
00:01:18.3325217
0 0 0 0 0 0 43 99 0 
00:01:18.3650743
0 0 0 0 0 0 43 99 0 
00:01:18.4012844
0 0 0 0 0 0 43 99 0 
00:01:18.4381788
0 0 0 0 0 0 43 99 0 
00:01:18.4691795
0 0 0 0 0 0 43 0 0 
00:01:18.5050779
0 0 0 0 0 0 43 0 0 
00:01:18.5323979
0 0 0 0 0 0 43 0 0 
00:01:18.5648957
0 0 0 0 0 0 43 0 0 
00:01:18.6630590
3 0 0 0 0 0 43 0 0 
00:01:18.7619605
3 0 0 0 0 0 0 0 0 
00:01:18.8298420
3 0 0 0 0 0 0 0 0 
00:01:18.8610300
3 0 0 0 0 0 0 0 0 
00:01:18.8979135
10 0 0 0 0 0 0 0 0 
00:01:18.9294554
67 0 0 0 0 0 0 0 0 
00:01:18.9592125
67 0 0 0 0 0 0 0 0 
00:01:18.9874897
67 0 0 0 0 0 0 0 0 
00:01:19.0260164
67 0 0 0 0 0 0 0 0 
00:01:19.0635969
67 0 0 0 0 0 0 0 0 
00:01:19.0973551
67 0 0 0 0 0 0 0 0 
00:01:19.1397818
67 0 0 0 0 0 0 0 0 
00:01:19.1624116
67 0 0 0 0 0 0 0 0 
00:01:19.2080853
67 0 0 0 0 0 0 0 0 
00:01:19.2380481
67 0 0 0 0 0 0 0 0 
00:01:19.2687576
67 0 0 0 0 0 0 0 0 
00:01:19.2942871
67 0 0 0 0 0 0 0 0 
00:01:19.3380413
67 0 0 0 0 0 0 0 0 
00:01:19.3738533
67 0 0 0 0 0 0 0 0 
00:01:19.4056765
67 0 0 0 0 0 0 0 0 
00:01:19.4536659
67 0 0 0 0 0 0 0 0 
00:01:19.4927776
67 0 0 0 0 0 0 0 0 
00:01:19.5268147
67 0 0 0 0 0 0 0 0 
00:01:19.5546831
67 0 0 0 0 0 0 0 0 
00:01:19.5924509
67 0 0 0 0 0 0 0 0 
00:01:19.6284843
67 0 0 0 0 0 0 0 0 
00:01:19.6746600
67 0 0 0 0 0 0 0 0 
00:01:19.7040551
67 0 0 0 0 0 0 0 0 
00:01:19.7345986
67 0 0 0 0 0 0 0 0 
00:01:19.7706654
67 0 0 0 0 0 0 0 0 
00:01:19.8046648
67 0 0 0 0 0 0 0 0 
00:01:19.8316891
67 0 0 0 0 0 0 0 0 
00:01:19.8595533
67 0 0 0 0 0 0 0 0 
00:01:19.8939901
67 0 0 0 0 0 0 0 0 
00:01:19.9192850
67 0 0 0 0 0 0 0 0 
00:01:19.9474082
67 0 0 0 0 0 0 0 0 
00:01:19.9824730
67 0 0 0 0 0 0 0 0 
00:01:20.0109751
67 0 0 0 0 0 0 0 0 
00:01:20.0525621
67 0 0 0 0 0 0 0 0 
00:01:20.0921806
67 0 0 0 0 0 0 0 0 
00:01:20.1325307
67 0 0 0 0 0 0 0 0 
00:01:20.1600633
67 0 0 0 0 0 0 0 0 
00:01:20.1906620
67 0 0 0 0 0 0 0 0 
00:01:20.2126837
67 0 0 0 0 0 0 0 0 
00:01:20.2598265
67 0 0 0 0 0 0 0 0 
00:01:20.2931492
63 0 0 0 0 0 0 0 0 
00:01:20.3281561
37 0 0 0 0 0 0 0 0 
00:01:20.3737328
63 0 0 0 0 0 0 0 0 
00:01:20.4153861
37 0 0 0 0 0 0 0 0 
00:01:20.4607231
37 0 0 0 0 0 0 0 0 
00:01:20.4991821
37 0 0 0 0 0 0 0 0 
00:01:20.5282516
37 0 0 0 0 0 0 0 0 
00:01:20.5617885
0 0 0 0 0 0 0 0 0 
00:01:20.5915296
0 0 0 0 0 0 0 0 0 
00:01:20.6267715
0 0 0 0 0 0 0 0 0 
00:01:20.6616546
0 0 0 0 0 0 0 0 0 
00:01:20.7082128
0 0 0 0 0 0 0 0 0 
00:01:20.7389515
0 0 0 0 0 0 0 0 0 
00:01:20.7904171
0 0 0 0 0 0 0 0 0 
00:01:20.8264583
0 0 0 0 0 0 0 0 0 
00:01:20.8604041
0 0 0 0 0 0 0 0 0 
00:01:20.9054586
0 0 0 0 0 0 0 0 0 
00:01:20.9327982
0 0 0 0 0 0 0 0 0 
00:01:20.9848652
0 0 0 0 0 0 0 0 0 
00:01:21.0188978
0 0 0 0 0 0 0 0 0 
00:01:21.0510014
0 0 0 0 0 0 0 0 0 
00:01:21.0898303
0 0 0 0 0 0 0 0 0 
00:01:21.1266503
0 0 0 0 0 0 0 0 0 
00:01:21.1724827
0 0 0 0 0 0 0 0 0 
00:01:21.2027084
0 0 0 0 0 0 0 0 0 
00:01:21.2381574
0 0 0 0 0 0 0 0 0 
00:01:21.2670466
0 0 0 0 0 0 0 0 0 
00:01:21.3060498
0 0 0 0 0 0 0 0 0 
00:01:21.3342781
0 0 0 0 0 0 0 0 0 
00:01:21.3911616
0 0 0 0 0 0 0 0 0 
00:01:21.4285276
0 0 0 0 0 0 0 0 0 
00:01:21.4744621
0 0 0 0 0 0 0 0 0 
00:01:21.4989700
0 0 0 0 0 0 0 0 0 
00:01:21.5246513
0 0 0 0 0 0 0 0 0 
00:01:21.5791615
0 0 0 0 0 0 0 0 0 
00:01:21.6931917
0 0 0 0 0 0 0 0 0 
00:01:21.7890455
0 0 0 0 0 0 0 0 0 
00:01:21.8268778
0 0 0 0 0 0 0 0 0 
00:01:21.8619239
8 0 0 0 0 0 0 0 0 
00:01:21.8937841
7 0 0 0 0 0 0 99 0 
00:01:21.9333382
7 0 0 0 0 0 0 99 0 
00:01:21.9650123
7 0 0 0 0 0 0 99 0 
00:01:22.0084229
7 0 0 0 0 0 0 99 0 
00:01:22.0344039
7 0 0 0 0 0 0 99 0 
00:01:22.0937058
7 0 0 0 0 0 0 99 0 
00:01:22.1255513
7 0 0 0 0 0 0 99 0 
00:01:22.1607097
7 0 0 0 0 0 0 99 0 
00:01:22.1904123
8 0 0 0 0 0 0 0 0 
00:01:22.2274241
8 0 0 0 0 0 0 0 0 
00:01:22.2736435
8 0 0 0 0 0 0 0 0 
00:01:22.3100458
8 0 0 0 0 0 0 0 0 
00:01:22.3480832
8 0 0 0 0 0 0 0 0 
00:01:22.3881538
8 0 0 0 0 0 0 0 0 
00:01:22.4275280
8 0 0 0 0 0 0 0 0 
00:01:22.4616841
8 0 0 0 0 0 0 0 0 
00:01:22.4922800
8 0 0 0 0 0 0 0 0 
00:01:22.5286504
8 0 0 0 0 0 0 0 0 
00:01:22.5667022
8 0 0 0 0 0 0 0 0 
00:01:22.6079124
8 0 0 0 0 0 0 0 0 
00:01:22.6482113
8 0 0 0 0 0 0 0 0 
00:01:22.6909539
8 0 0 0 0 0 0 0 0 
00:01:22.7256558
8 0 0 0 0 0 0 0 0 
00:01:22.7572148
8 0 0 0 0 0 0 0 0 
00:01:22.7919365
0 0 0 0 0 0 0 0 0 
00:01:22.8248479
0 0 0 0 0 0 0 0 0 
00:01:22.8584010
0 0 0 0 0 0 0 0 0 
00:01:22.8865276
0 0 0 0 0 0 0 0 0 
00:01:22.9321937
0 0 0 0 0 0 0 0 0 
00:01:22.9620255
0 0 0 0 0 0 0 0 0 
00:01:23.0502165
0 0 0 0 0 0 0 0 0 
00:01:23.1140710
0 0 0 0 0 0 0 0 0 
00:01:23.1576410
0 0 0 0 0 0 0 0 0 
00:01:23.1872728
0 0 0 0 0 0 0 0 0 
00:01:23.2225668
0 0 0 0 0 0 0 0 0 
00:01:23.2594033
0 0 0 0 0 0 0 0 0 
00:01:23.3082860
0 0 0 0 0 0 0 0 0 
00:01:23.3501796
0 0 0 0 0 0 0 0 0 
00:01:23.3955639
0 0 0 0 0 0 0 0 0 
00:01:23.4276003
0 0 0 0 0 0 0 0 0 
00:01:23.4609863
0 0 0 0 0 0 0 0 0 
00:01:23.4940079
0 0 0 0 0 0 0 0 0 
00:01:23.5269794
0 0 0 0 0 0 0 0 0 
00:01:23.5497387
0 0 0 0 0 0 0 0 0 
00:01:23.5810361
0 0 0 0 0 0 0 0 0 
00:01:23.6185852
0 0 0 0 0 0 0 0 0 
00:01:23.6559121
0 0 0 0 0 0 0 0 0 
00:01:23.6936576
0 0 0 0 0 0 0 0 0 
00:01:23.7266966
0 0 0 0 0 0 0 0 0 
00:01:23.7607844
0 0 0 0 0 0 0 0 0 
00:01:23.7926551
0 0 0 0 0 0 0 0 0 
00:01:23.8301974
0 0 0 0 0 0 0 0 0 
00:01:23.8619124
0 0 0 0 0 0 0 0 0 
00:01:23.8939338
0 0 0 0 0 0 0 0 0 
00:01:23.9256663
0 0 0 0 0 0 0 0 0 
00:01:23.9611229
0 0 0 0 0 0 0 0 0 
00:01:23.9959027
0 0 0 0 0 0 0 99 0 
00:01:24.0264405
0 0 0 0 0 0 0 99 0 
00:01:24.0565762
0 0 0 0 0 0 0 99 0 
00:01:24.0861255
0 0 0 0 0 0 0 99 0 
00:01:24.1245571
0 0 0 0 0 0 0 0 0 
00:01:24.1571061
0 0 0 0 0 0 0 0 0 
00:01:24.1891606
0 0 0 0 0 0 0 0 0 
00:01:24.2246861
0 0 0 0 0 0 0 0 0 
00:01:24.2554260
0 0 0 0 0 0 0 0 0 
00:01:24.2899065
0 0 0 0 0 0 0 0 0 
00:01:24.3234515
0 0 0 0 0 0 0 0 0 
00:01:24.3564938
0 0 0 0 0 0 0 0 0 
00:01:24.3940128
0 0 0 0 0 0 0 0 0 
00:01:24.4220415
0 0 0 0 0 0 0 0 0 
00:01:24.4589814
0 0 0 0 0 0 0 0 0 
00:01:24.4893987
8 0 0 0 0 0 0 0 0 
00:01:24.5247911
8 0 0 0 0 0 0 0 0 
00:01:24.5562739
8 0 0 0 0 0 0 0 0 
00:01:24.5859699
8 0 0 0 0 0 0 0 0 
00:01:24.6280304
8 0 0 0 0 0 0 0 0 
00:01:24.6615775
8 0 0 0 0 0 0 0 0 
00:01:24.7086321
8 0 0 0 0 0 0 0 0 
00:01:24.7381627
8 0 0 0 0 0 0 0 0 
00:01:24.7621300
8 0 0 0 0 0 0 0 0 
00:01:24.7956684
8 0 0 0 0 0 0 0 0 
00:01:24.8276353
8 0 0 0 0 0 0 0 0 
00:01:24.8724027
8 0 0 0 0 0 0 0 0 
00:01:24.9381567
0 0 0 0 0 0 0 0 0 
00:01:25.0009534
0 0 0 0 0 0 0 0 0 
00:01:25.0299817
0 0 0 0 0 0 0 0 0 
00:01:25.0662846
0 0 0 0 0 0 0 0 0 
00:01:25.0960336
0 0 0 0 0 0 0 0 0 
00:01:25.1274219
0 0 0 0 0 0 0 0 0 
00:01:25.1557659
0 0 0 0 0 0 0 0 0 
00:01:25.1882875
0 0 0 0 0 0 0 0 0 
00:01:25.2265314
0 0 0 0 0 0 0 0 0 
00:01:25.2630759
0 0 0 0 0 0 0 0 0 
00:01:25.3085282
0 0 0 0 0 0 0 0 0 
00:01:25.3531158
0 0 0 0 0 0 0 0 0 
00:01:25.3876508
0 0 0 0 0 0 0 0 0 
00:01:25.4289047
0 0 0 0 0 0 0 0 0 
00:01:25.4744010
0 0 0 0 0 0 0 0 0 
00:01:25.5014276
0 0 0 0 0 0 0 0 0 
00:01:25.5281670
0 0 0 0 0 0 0 0 0 
00:01:25.5658956
0 0 0 0 0 0 0 0 0 
00:01:25.6076468
0 0 0 0 0 0 0 0 0 
00:01:25.6489537
0 0 0 0 0 0 0 0 0 
00:01:25.7614012
0 0 0 0 0 0 0 0 0 
00:01:25.8276768
0 0 0 0 0 0 0 0 0 
00:01:25.8662301
0 0 0 0 0 0 0 0 0 
00:01:25.8982063
0 0 0 0 0 0 0 0 0 
00:01:25.9275267
0 0 0 0 0 0 43 0 0 
00:01:25.9639672
0 0 0 0 0 0 43 0 0 
00:01:25.9958072
0 0 0 0 0 0 43 0 0 
00:01:26.0288571
0 0 0 0 0 0 0 0 0 
00:01:26.0667692
0 0 0 0 0 0 0 0 0 
00:01:26.1229121
0 0 0 0 0 0 0 0 0 
00:01:26.1559023
10 0 0 0 0 0 0 0 0 
00:01:26.1809430
67 0 0 0 0 0 0 0 0 
00:01:26.2131637
67 0 0 0 0 0 0 0 0 
00:01:26.2517107
67 0 0 0 0 0 0 0 0 
00:01:26.2900290
67 0 0 0 0 0 0 0 0 
00:01:26.3286606
67 0 0 0 0 0 0 0 0 
00:01:26.3710629
67 0 0 0 0 0 0 0 0 
00:01:26.3925329
67 0 0 0 0 0 0 0 0 
00:01:26.4279117
61 0 0 0 0 0 0 0 0 
00:01:26.4627747
61 0 0 0 0 0 0 0 0 
00:01:26.5020553
61 0 0 0 0 0 0 0 0 
00:01:26.5365876
1 0 0 0 0 0 0 0 0 
00:01:26.5716529
1 0 0 0 0 0 0 0 0 
00:01:26.6019118
2 0 0 0 0 0 0 0 0 
00:01:26.6449143
2 0 0 0 0 0 0 0 0 
00:01:26.6914771
2 0 0 0 0 0 0 0 0 
00:01:26.7280272
2 0 0 0 0 0 0 0 0 
00:01:26.7678518
2 0 0 0 0 0 0 0 0 
00:01:26.8274305
2 0 0 0 0 0 0 0 0 
00:01:26.8679838
2 0 0 0 0 0 0 0 0 
00:01:26.9195768
67 0 0 0 0 0 0 0 0 
00:01:26.9604684
67 0 0 0 0 0 0 0 0 
00:01:26.9954145
2 0 0 0 0 0 0 0 0 
00:01:27.0275250
2 0 0 0 0 0 0 0 0 
00:01:27.0747085
2 0 0 0 0 0 0 0 0 
00:01:27.1140048
2 0 0 0 0 0 0 0 0 
00:01:27.2260547
2 0 0 0 0 0 0 0 0 
00:01:27.2771854
2 0 0 0 0 0 0 0 0 
00:01:27.3126498
2 0 0 0 0 0 0 0 0 
00:01:27.3607115
1 0 0 0 0 0 0 0 0 
00:01:27.3967463
2 0 0 0 0 0 0 0 0 
00:01:27.4424920
2 0 0 0 0 0 0 0 0 
00:01:27.4770432
2 0 0 0 0 0 0 0 0 
00:01:27.5095462
2 0 0 0 0 0 0 0 0 
00:01:27.5395816
2 0 0 0 0 0 0 0 0 
00:01:27.5840219
67 0 0 0 0 0 0 0 0 
00:01:27.6240898
67 0 0 0 0 0 0 0 0 
00:01:27.6594003
67 0 0 0 0 0 0 0 0 
00:01:27.6937796
67 0 0 0 0 0 0 0 0 
00:01:27.7341730
67 0 0 0 0 0 0 0 0 
00:01:27.7803982
1 0 0 0 0 0 0 0 0 
00:01:27.8258411
1 0 0 0 0 0 0 0 0 
00:01:27.8596629
1 0 0 0 0 0 0 0 0 
00:01:27.8950283
1 0 0 0 0 0 0 0 0 
00:01:27.9310062
1 0 0 0 0 0 0 0 0 
00:01:27.9642310
0 0 0 0 0 0 0 0 0 
00:01:27.9970297
0 0 0 0 0 0 0 0 0 
00:01:28.0285249
0 0 0 0 0 0 0 0 0 
00:01:28.0612619
0 0 0 0 0 0 0 0 0 
00:01:28.0908040
0 0 0 0 0 0 99 0 0 
00:01:28.1275312
0 0 0 0 0 0 99 0 0 
00:01:28.1588966
0 0 0 0 0 0 99 0 0 
00:01:28.1884450
0 0 0 0 0 0 99 0 0 
00:01:28.2239335
1 0 0 0 0 0 99 0 0 
00:01:28.2558922
0 0 0 0 0 0 99 0 99 
00:01:28.2899471
0 0 0 0 0 0 99 0 99 
00:01:28.3269252
0 0 0 0 0 0 99 0 99 
00:01:28.3599763
0 0 0 0 0 0 0 0 99 
00:01:28.3900334
0 0 0 0 0 0 0 0 99 
00:01:28.4264215
0 0 0 0 0 0 0 0 99 
00:01:28.4607893
0 0 0 0 0 0 0 0 99 
00:01:28.5008346
0 0 0 0 0 0 0 0 99 
00:01:28.5744665
92 0 0 0 0 0 0 0 99 
00:01:28.6103393
92 0 0 0 0 0 0 0 99 
00:01:28.6579083
92 0 0 0 0 0 0 0 99 
00:01:28.6909714
92 0 0 0 0 0 0 0 99 
00:01:28.7235201
92 0 0 0 0 0 0 0 99 
00:01:28.7590782
92 0 0 0 0 0 0 0 99 
00:01:28.7897413
92 0 0 0 0 0 0 0 99 
00:01:28.8271751
92 0 0 0 0 0 0 0 99 
00:01:28.8622250
92 0 0 0 0 0 0 0 99 
00:01:28.9019192
92 0 0 0 0 0 0 0 99 
00:01:28.9555216
60 0 0 0 0 0 0 0 99 
00:01:28.9922958
61 0 0 0 0 0 0 0 99 
00:01:29.0308542
61 0 0 0 0 0 0 0 99 
00:01:29.0662593
61 0 0 0 0 0 0 0 99 
00:01:29.0976928
61 0 0 0 0 0 0 0 99 
00:01:29.1348859
61 0 0 0 0 0 0 0 99 
00:01:29.1748863
61 0 0 0 0 0 0 0 99 
00:01:29.2245590
1 0 0 0 0 0 0 0 99 
00:01:29.2628967
1 0 0 0 0 0 0 0 99 
00:01:29.3017761
1 0 0 0 0 0 0 0 99 
00:01:29.3288199
0 0 0 0 0 0 0 0 99 
00:01:29.3663673
1 0 0 0 0 0 0 0 99 
00:01:29.3957895
1 0 0 0 0 0 0 0 99 
00:01:29.4323315
1 0 0 0 0 0 0 0 99 
00:01:29.4640502
1 0 0 0 0 0 0 0 99 
00:01:29.5026321
1 0 0 0 0 0 0 0 99 
00:01:29.5431701
1 0 0 0 0 0 0 0 99 
00:01:29.5902710
1 0 0 0 0 0 0 0 99 
00:01:29.6216765
61 0 0 0 0 0 0 0 99 
00:01:29.6575174
61 0 0 0 0 0 0 0 99 
00:01:29.6880572
61 0 0 0 0 0 0 0 99 
00:01:29.7282646
61 0 0 0 0 0 0 0 99 
00:01:29.7627423
61 0 0 0 0 0 0 0 99 
00:01:29.8084205
61 0 0 0 0 0 0 0 99 
00:01:29.8379563
92 0 0 0 0 0 0 0 99 
00:01:29.8714425
92 0 0 0 0 0 0 0 99 
00:01:29.9384774
89 0 0 0 0 0 0 0 99 
00:01:29.9820691
60 0 0 0 0 0 0 0 99 
00:01:30.0271389
60 0 0 0 0 0 0 0 99 
00:01:30.0646998
92 0 0 0 0 0 0 0 99 
00:01:30.1031630
92 0 0 0 0 0 0 0 99 
00:01:30.1387840
61 0 0 0 0 0 0 0 99 
00:01:30.1703371
61 0 0 0 0 0 0 0 99 
00:01:30.2113955
92 0 0 0 0 0 0 0 99 
00:01:30.2499108
92 0 0 0 0 0 0 0 99 
00:01:30.2923189
92 0 0 0 0 0 0 0 99 
00:01:30.3283817
61 0 0 0 0 0 0 0 99 
00:01:30.3749023
89 0 0 0 0 0 0 0 99 
00:01:30.4129574
89 0 0 0 0 0 0 0 99 
00:01:30.4532292
33 0 0 0 0 0 0 0 99 
00:01:30.4877880
58 0 0 0 0 0 0 0 99 
00:01:30.5242818
89 0 0 0 0 0 0 0 99 
00:01:30.5488045
89 0 0 0 0 0 0 0 99 
00:01:30.5801361
0 0 0 0 0 0 0 0 99 
00:01:30.6245202
0 0 0 0 0 0 0 0 99 
00:01:30.6560560
0 0 0 0 0 0 0 0 99 
00:01:30.6933591
0 0 0 0 0 0 0 0 99 
00:01:30.7264048
0 0 0 0 0 0 0 0 99 
00:01:30.7748327
0 0 0 0 0 0 0 0 99 
00:01:30.8396612
92 0 0 0 0 0 0 0 99 
00:01:30.8727087
92 0 0 0 0 0 0 0 99 
00:01:30.9064690
92 0 0 0 0 0 0 0 99 
00:01:30.9434598
92 0 0 0 0 0 0 0 99 
00:01:30.9861515
0 0 0 0 0 0 0 0 99 
00:01:31.0230863
0 0 0 0 0 0 0 0 99 
00:01:31.0604285
0 0 0 0 0 0 0 0 99 
00:01:31.0942154
0 0 0 0 0 0 0 0 99 
00:01:31.1415269
0 0 0 0 0 0 0 0 99 
00:01:31.1636693
0 0 0 0 0 0 0 0 99 
00:01:31.1962723
0 0 0 0 0 0 0 0 99 
00:01:31.2338241
0 0 0 0 0 0 0 0 99 
00:01:31.2725397
48 0 0 0 0 0 0 0 99 
00:01:31.3010864
7 0 0 0 0 0 0 0 99 
00:01:31.3406360
7 0 0 0 0 0 0 0 99 
00:01:31.3631537
7 0 0 0 0 0 0 0 99 
00:01:31.3981495
7 0 0 0 0 0 0 0 99 
00:01:31.4529356
7 0 0 0 0 0 0 0 99 
00:01:31.4936522
0 0 0 0 0 0 0 0 99 
00:01:31.5275204
0 0 0 0 0 0 0 0 99 
00:01:31.5615596
0 0 0 0 0 0 0 0 99 
00:01:31.5967978
0 0 0 0 0 0 0 0 99 
00:01:31.6291728
0 0 0 0 0 0 0 0 99 
00:01:31.6687232
0 0 0 0 0 0 0 0 99 
00:01:31.7096413
0 0 0 0 0 0 0 0 99 
00:01:31.7392828
0 0 0 0 0 0 0 0 99 
00:01:31.7740244
0 0 0 0 0 0 0 0 99 
00:01:31.8173932
0 0 0 0 0 0 0 0 99 
00:01:31.8616423
0 0 0 0 0 0 0 0 99 
00:01:31.8951930
0 0 0 0 0 0 0 0 99 
00:01:31.9275216
0 0 0 0 0 0 0 0 99 
00:01:31.9610590
0 0 0 0 0 0 0 0 99 
00:01:31.9930247
0 0 0 0 0 0 0 0 99 
00:01:32.0233531
0 0 0 0 0 0 0 0 99 
00:01:32.0559061
0 0 0 0 0 0 0 0 99 
00:01:32.0794099
0 0 0 0 0 0 0 0 99 
00:01:32.1314896
0 0 0 0 0 0 0 0 99 
00:01:32.1892139
0 0 0 0 0 0 0 0 99 
00:01:32.2608038
0 0 0 0 0 0 0 0 99 
00:01:32.3137229
0 0 0 0 0 0 0 0 99 
00:01:32.3532643
0 0 0 0 0 0 0 0 99 
00:01:32.3923142
0 0 0 0 0 0 0 0 99 
00:01:32.4226932
0 0 0 0 0 0 0 0 99 
00:01:32.4580860
0 0 0 0 0 0 0 0 99 
00:01:32.4928568
0 0 0 0 0 0 0 0 99 
00:01:32.5554394
0 0 0 0 0 0 0 0 99 
00:01:32.5911616
0 0 0 0 0 0 0 0 99 
00:01:32.6244669
0 0 0 0 0 0 0 0 99 
00:01:32.6605126
0 0 0 0 0 0 0 0 99 
00:01:32.7151393
0 0 0 0 0 0 0 0 99 
00:01:32.7925422
0 0 0 0 0 0 0 0 99 
00:01:32.8290369
0 0 0 0 0 0 0 0 99 
00:01:32.8600740
0 0 0 0 0 0 0 0 99 
00:01:32.8968724
0 0 0 0 0 0 0 0 99 
00:01:32.9359310
0 0 0 0 0 0 0 0 99 
00:01:32.9691429
0 0 0 0 0 0 0 0 99 
00:01:32.9996870
0 0 0 0 0 0 0 0 99 
00:01:33.0565021
0 0 0 0 0 0 0 0 99 
00:01:33.0914958
0 0 0 0 0 0 0 0 99 
00:01:33.1295397
0 0 0 0 0 0 0 0 99 
00:01:33.1715222
0 0 0 0 0 0 0 0 99 
00:01:33.2020582
0 0 0 0 0 0 0 0 99 
00:01:33.2334474
0 0 0 0 0 0 0 0 99 
00:01:33.2765234
0 0 0 0 0 0 0 0 99 
00:01:33.3261087
0 0 0 0 0 0 0 0 99 
00:01:33.3587511
0 0 0 0 0 0 0 0 99 
00:01:33.3931732
0 0 0 0 0 0 0 0 99 
00:01:33.4302672
0 0 0 0 0 0 0 0 99 
00:01:33.4673252
0 0 0 0 0 0 0 0 99 
00:01:33.5090037
0 0 0 0 0 0 0 0 99 
00:01:33.5454608
0 0 0 0 0 0 0 0 99 
00:01:33.5894443
0 0 0 0 0 0 0 0 99 
00:01:33.6252671
0 0 0 0 0 0 0 0 99 
00:01:33.6672354
0 0 0 0 0 0 0 0 99 
00:01:33.7097103
0 0 0 0 0 0 0 0 99 
00:01:33.7407649
0 0 0 0 0 0 0 0 99 
00:01:33.7940493
0 0 0 0 0 0 0 0 99 
00:01:33.8279560
0 0 0 0 0 0 0 0 99 
00:01:33.8697023
0 0 0 0 0 0 0 0 99 
00:01:33.9246682
92 0 0 0 0 0 0 0 99 
00:01:33.9692284
92 0 0 0 0 0 0 0 99 
00:01:34.0323390
92 0 0 0 0 0 0 0 0 
00:01:34.1092637
61 0 0 0 0 0 0 0 0 
00:01:34.1385238
61 0 0 0 0 0 0 0 0 
00:01:34.1741415
61 0 0 0 0 0 0 0 0 
00:01:34.2086578
61 0 0 0 0 0 0 0 0 
00:01:34.2402006
61 0 0 0 0 0 0 0 0 
00:01:34.2917599
67 0 0 0 0 0 0 0 0 
00:01:34.3265921
67 0 0 0 0 0 0 0 0 
00:01:34.3671521
67 0 0 0 0 0 0 0 0 
00:01:34.4007682
67 0 0 0 0 0 0 0 0 
00:01:34.4283060
67 0 0 0 0 0 0 0 0 
00:01:34.4678522
24 0 0 0 0 0 0 0 0 
00:01:34.5086673
10 0 0 0 0 0 0 0 0 
00:01:34.5463653
44 0 0 0 0 0 0 0 0 
00:01:34.5889175
44 0 0 0 0 0 0 0 0 
00:01:34.6217451
44 0 0 0 0 0 0 0 0 
00:01:34.6608029
44 0 0 0 0 0 0 0 0 
00:01:34.7001675
9 0 0 0 0 0 0 0 0 
00:01:34.7277035
65 0 0 0 0 0 0 0 0 
00:01:34.7576362
67 0 0 0 0 0 0 0 0 
00:01:34.7874201
67 0 0 0 0 0 0 0 0 
00:01:34.8249650
67 0 0 0 0 0 0 0 0 
00:01:34.8612658
67 0 0 0 0 0 0 0 0 
00:01:34.8991233
67 0 0 0 0 0 0 0 0 
00:01:34.9467941
67 0 0 0 0 0 0 0 0 
00:01:34.9881441
67 0 0 0 0 0 0 0 0 
00:01:35.0268959
67 0 0 0 0 0 0 0 0 
00:01:35.0644519
67 0 0 0 0 0 0 0 0 
00:01:35.0999001
67 0 0 0 0 0 0 0 0 
00:01:35.1640955
67 0 0 0 0 0 0 0 0 
00:01:35.1995726
67 0 0 0 0 0 0 0 0 
00:01:35.2405340
67 0 0 0 0 0 0 0 0 
00:01:35.2670655
67 0 0 0 0 0 0 0 0 
00:01:35.2953888
67 0 0 0 0 0 0 0 0 
00:01:35.3286230
67 0 0 0 0 0 0 0 0 
00:01:35.4053621
67 0 0 0 0 0 0 0 0 
00:01:35.4925734
67 0 0 0 0 0 0 0 0 
00:01:35.5231190
67 0 0 0 0 0 0 0 0 
00:01:35.5571570
10 0 0 0 0 0 0 0 0 
00:01:35.6090614
3 0 0 0 0 0 0 0 0 
00:01:35.6346472
3 0 0 0 0 0 0 0 0 
00:01:35.6716949
3 0 0 0 0 0 0 0 0 
00:01:35.7009102
3 0 0 0 0 0 0 0 0 
00:01:35.7424421
10 0 0 0 0 0 0 0 0 
00:01:35.7699705
10 0 0 0 0 0 0 0 0 
00:01:35.7991554
10 0 0 0 0 0 0 0 0 
00:01:35.8235118
24 0 0 0 0 0 0 0 0 
00:01:35.8553299
67 0 0 0 0 0 0 0 0 
00:01:35.8876395
67 0 0 0 0 0 0 0 0 
00:01:35.9231512
67 0 0 0 0 0 0 0 0 
00:01:35.9560592
67 0 0 0 0 0 0 0 0 
00:01:35.9900981
67 0 0 0 0 0 0 0 0 
00:01:36.0244539
67 0 0 0 0 0 0 0 0 
00:01:36.0580197
67 0 0 0 0 0 0 0 0 
00:01:36.0935760
10 0 0 0 0 0 0 0 0 
00:01:36.1251338
1 0 0 0 0 0 0 0 0 
00:01:36.1536603
1 0 0 0 0 0 0 0 0 
00:01:36.2007336
1 0 0 0 0 0 0 0 0 
00:01:36.2262607
0 0 0 0 0 0 99 0 0 
00:01:36.2557034
0 0 0 0 0 0 99 0 0 
00:01:36.2909609
0 0 0 0 0 0 99 0 0 
00:01:36.3295153
0 0 0 0 0 0 99 0 0 
00:01:36.3612888
0 0 0 0 0 0 99 0 0 
00:01:36.3951413
0 0 0 0 0 0 99 0 0 
00:01:36.4276554
0 0 0 0 0 0 0 0 0 
00:01:36.4625413
0 0 0 0 0 0 0 0 0 
00:01:36.5021216
0 0 0 0 0 0 0 0 0 
00:01:36.5391602
0 0 0 0 0 0 0 0 0 
00:01:36.5714514
0 0 0 0 0 0 0 0 0 
00:01:36.6055181
0 0 0 0 0 0 0 0 0 
00:01:36.6357218
0 0 0 0 0 0 0 0 0 
00:01:36.6700053
0 0 0 0 0 0 0 0 0 
00:01:36.7020532
0 0 0 0 0 0 0 0 0 
00:01:36.7846764
0 0 0 0 0 0 0 0 0 
00:01:36.8261122
0 0 0 0 0 0 0 0 0 
00:01:36.8615100
0 0 0 0 0 0 0 0 0 
00:01:36.9014042
0 0 0 0 0 0 0 0 0 
00:01:36.9454702
0 0 0 0 0 0 0 0 0 
00:01:36.9817185
0 0 0 0 0 0 0 0 0 
00:01:37.0272516
0 0 0 0 0 0 0 0 0 
00:01:37.0625036
0 0 0 0 0 0 0 0 0 
00:01:37.1039973
0 0 0 0 0 0 0 0 0 
00:01:37.1309724
0 0 0 0 0 0 0 0 0 
00:01:37.1605052
0 0 0 0 0 0 0 0 0 
00:01:37.1919088
0 0 0 0 0 0 0 0 0 
00:01:37.2363823
0 0 0 0 0 0 99 0 0 
00:01:37.2759304
0 0 0 0 0 0 99 0 0 
00:01:37.3019779
0 0 0 0 0 0 99 0 0 
00:01:37.3375357
0 0 0 0 0 0 99 0 0 
00:01:37.3690697
0 0 0 0 0 0 99 0 0 
